id,asset,year,rep_period,time_block_start,time_block_end,dual_max_output_flow_with_basic_unit_commitment
1,AT_CCGT,2030,1,1,2,0.0
2,AT_CCGT,2030,1,3,4,0.0
3,AT_CCGT,2030,1,5,6,0.0
4,AT_CCGT,2030,1,7,8,0.0
5,AT_CCGT,2030,1,9,10,0.0
6,AT_CCGT,2030,1,11,12,0.0
7,AT_CCGT,2030,1,13,14,0.0
8,AT_CCGT,2030,1,15,16,0.0
9,AT_CCGT,2030,1,17,18,0.0
10,AT_CCGT,2030,1,19,20,0.0
11,AT_CCGT,2030,1,21,22,0.0
12,AT_CCGT,2030,1,23,24,0.0
13,AT_CCGT,2030,2,1,2,0.0
14,AT_CCGT,2030,2,3,4,0.0
15,AT_CCGT,2030,2,5,6,0.0
16,AT_CCGT,2030,2,7,8,0.0
17,AT_CCGT,2030,2,9,10,0.0
18,AT_CCGT,2030,2,11,12,0.0
19,AT_CCGT,2030,2,13,14,0.0
20,AT_CCGT,2030,2,15,16,0.0
21,AT_CCGT,2030,2,17,18,0.0
22,AT_CCGT,2030,2,19,20,0.0
23,AT_CCGT,2030,2,21,22,0.0
24,AT_CCGT,2030,2,23,24,0.0
25,AT_CCGT,2030,3,1,2,0.0
26,AT_CCGT,2030,3,3,4,0.0
27,AT_CCGT,2030,3,5,6,0.0
28,AT_CCGT,2030,3,7,8,0.0
29,AT_CCGT,2030,3,9,10,0.0
30,AT_CCGT,2030,3,11,12,0.0
31,AT_CCGT,2030,3,13,14,0.0
32,AT_CCGT,2030,3,15,16,0.0
33,AT_CCGT,2030,3,17,18,0.0
34,AT_CCGT,2030,3,19,20,0.0
35,AT_CCGT,2030,3,21,22,0.0
36,AT_CCGT,2030,3,23,24,0.0
37,AT_CCGT,2030,4,1,2,0.0
38,AT_CCGT,2030,4,3,4,0.0
39,AT_CCGT,2030,4,5,6,0.0
40,AT_CCGT,2030,4,7,8,0.0
41,AT_CCGT,2030,4,9,10,0.0
42,AT_CCGT,2030,4,11,12,0.0
43,AT_CCGT,2030,4,13,14,0.0
44,AT_CCGT,2030,4,15,16,0.0
45,AT_CCGT,2030,4,17,18,0.0
46,AT_CCGT,2030,4,19,20,0.0
47,AT_CCGT,2030,4,21,22,0.0
48,AT_CCGT,2030,4,23,24,0.0
49,AT_CCGT,2030,5,1,2,0.0
50,AT_CCGT,2030,5,3,4,0.0
51,AT_CCGT,2030,5,5,6,0.0
52,AT_CCGT,2030,5,7,8,0.0
53,AT_CCGT,2030,5,9,10,0.0
54,AT_CCGT,2030,5,11,12,0.0
55,AT_CCGT,2030,5,13,14,0.0
56,AT_CCGT,2030,5,15,16,0.0
57,AT_CCGT,2030,5,17,18,0.0
58,AT_CCGT,2030,5,19,20,0.0
59,AT_CCGT,2030,5,21,22,0.0
60,AT_CCGT,2030,5,23,24,0.0
61,AT_CCGT,2030,6,1,2,0.0
62,AT_CCGT,2030,6,3,4,0.0
63,AT_CCGT,2030,6,5,6,0.0
64,AT_CCGT,2030,6,7,8,0.0
65,AT_CCGT,2030,6,9,10,0.0
66,AT_CCGT,2030,6,11,12,0.0
67,AT_CCGT,2030,6,13,14,0.0
68,AT_CCGT,2030,6,15,16,0.0
69,AT_CCGT,2030,6,17,18,0.0
70,AT_CCGT,2030,6,19,20,0.0
71,AT_CCGT,2030,6,21,22,0.0
72,AT_CCGT,2030,6,23,24,0.0
73,AT_CCGT,2030,7,1,2,0.0
74,AT_CCGT,2030,7,3,4,0.0
75,AT_CCGT,2030,7,5,6,0.0
76,AT_CCGT,2030,7,7,8,0.0
77,AT_CCGT,2030,7,9,10,0.0
78,AT_CCGT,2030,7,11,12,0.0
79,AT_CCGT,2030,7,13,14,0.0
80,AT_CCGT,2030,7,15,16,0.0
81,AT_CCGT,2030,7,17,18,0.0
82,AT_CCGT,2030,7,19,20,0.0
83,AT_CCGT,2030,7,21,22,0.0
84,AT_CCGT,2030,7,23,24,0.0
85,AT_CCGT,2030,8,1,2,0.0
86,AT_CCGT,2030,8,3,4,0.0
87,AT_CCGT,2030,8,5,6,0.0
88,AT_CCGT,2030,8,7,8,0.0
89,AT_CCGT,2030,8,9,10,0.0
90,AT_CCGT,2030,8,11,12,0.0
91,AT_CCGT,2030,8,13,14,0.0
92,AT_CCGT,2030,8,15,16,0.0
93,AT_CCGT,2030,8,17,18,0.0
94,AT_CCGT,2030,8,19,20,0.0
95,AT_CCGT,2030,8,21,22,0.0
96,AT_CCGT,2030,8,23,24,0.0
97,AT_CCGT,2030,9,1,2,0.0
98,AT_CCGT,2030,9,3,4,0.0
99,AT_CCGT,2030,9,5,6,0.0
100,AT_CCGT,2030,9,7,8,0.0
101,AT_CCGT,2030,9,9,10,0.0
102,AT_CCGT,2030,9,11,12,0.0
103,AT_CCGT,2030,9,13,14,0.0
104,AT_CCGT,2030,9,15,16,0.0
105,AT_CCGT,2030,9,17,18,0.0
106,AT_CCGT,2030,9,19,20,0.0
107,AT_CCGT,2030,9,21,22,0.0
108,AT_CCGT,2030,9,23,24,0.0
109,AT_CCGT,2030,10,1,2,0.0
110,AT_CCGT,2030,10,3,4,0.0
111,AT_CCGT,2030,10,5,6,0.0
112,AT_CCGT,2030,10,7,8,0.0
113,AT_CCGT,2030,10,9,10,0.0
114,AT_CCGT,2030,10,11,12,0.0
115,AT_CCGT,2030,10,13,14,0.0
116,AT_CCGT,2030,10,15,16,0.0
117,AT_CCGT,2030,10,17,18,0.0
118,AT_CCGT,2030,10,19,20,0.0
119,AT_CCGT,2030,10,21,22,0.0
120,AT_CCGT,2030,10,23,24,0.0
121,AT_Coal,2030,1,1,2,0.0
122,AT_Coal,2030,1,3,4,0.0
123,AT_Coal,2030,1,5,6,0.0
124,AT_Coal,2030,1,7,8,0.0
125,AT_Coal,2030,1,9,10,0.0
126,AT_Coal,2030,1,11,12,0.0
127,AT_Coal,2030,1,13,14,0.0
128,AT_Coal,2030,1,15,16,0.0
129,AT_Coal,2030,1,17,18,0.0
130,AT_Coal,2030,1,19,20,0.0
131,AT_Coal,2030,1,21,22,0.0
132,AT_Coal,2030,1,23,24,0.0
133,AT_Coal,2030,2,1,2,0.0
134,AT_Coal,2030,2,3,4,0.0
135,AT_Coal,2030,2,5,6,0.0
136,AT_Coal,2030,2,7,8,0.0
137,AT_Coal,2030,2,9,10,0.0
138,AT_Coal,2030,2,11,12,0.0
139,AT_Coal,2030,2,13,14,0.0
140,AT_Coal,2030,2,15,16,0.0
141,AT_Coal,2030,2,17,18,0.0
142,AT_Coal,2030,2,19,20,0.0
143,AT_Coal,2030,2,21,22,0.0
144,AT_Coal,2030,2,23,24,0.0
145,AT_Coal,2030,3,1,2,0.0
146,AT_Coal,2030,3,3,4,0.0
147,AT_Coal,2030,3,5,6,0.0
148,AT_Coal,2030,3,7,8,0.0
149,AT_Coal,2030,3,9,10,0.0
150,AT_Coal,2030,3,11,12,0.0
151,AT_Coal,2030,3,13,14,0.0
152,AT_Coal,2030,3,15,16,0.0
153,AT_Coal,2030,3,17,18,0.0
154,AT_Coal,2030,3,19,20,0.0
155,AT_Coal,2030,3,21,22,0.0
156,AT_Coal,2030,3,23,24,0.0
157,AT_Coal,2030,4,1,2,0.0
158,AT_Coal,2030,4,3,4,0.0
159,AT_Coal,2030,4,5,6,0.0
160,AT_Coal,2030,4,7,8,0.0
161,AT_Coal,2030,4,9,10,0.0
162,AT_Coal,2030,4,11,12,0.0
163,AT_Coal,2030,4,13,14,0.0
164,AT_Coal,2030,4,15,16,0.0
165,AT_Coal,2030,4,17,18,0.0
166,AT_Coal,2030,4,19,20,0.0
167,AT_Coal,2030,4,21,22,0.0
168,AT_Coal,2030,4,23,24,0.0
169,AT_Coal,2030,5,1,2,0.0
170,AT_Coal,2030,5,3,4,0.0
171,AT_Coal,2030,5,5,6,0.0
172,AT_Coal,2030,5,7,8,0.0
173,AT_Coal,2030,5,9,10,0.0
174,AT_Coal,2030,5,11,12,0.0
175,AT_Coal,2030,5,13,14,0.0
176,AT_Coal,2030,5,15,16,0.0
177,AT_Coal,2030,5,17,18,0.0
178,AT_Coal,2030,5,19,20,0.0
179,AT_Coal,2030,5,21,22,0.0
180,AT_Coal,2030,5,23,24,0.0
181,AT_Coal,2030,6,1,2,0.0
182,AT_Coal,2030,6,3,4,0.0
183,AT_Coal,2030,6,5,6,0.0
184,AT_Coal,2030,6,7,8,0.0
185,AT_Coal,2030,6,9,10,0.0
186,AT_Coal,2030,6,11,12,0.0
187,AT_Coal,2030,6,13,14,0.0
188,AT_Coal,2030,6,15,16,0.0
189,AT_Coal,2030,6,17,18,0.0
190,AT_Coal,2030,6,19,20,0.0
191,AT_Coal,2030,6,21,22,0.0
192,AT_Coal,2030,6,23,24,0.0
193,AT_Coal,2030,7,1,2,0.0
194,AT_Coal,2030,7,3,4,0.0
195,AT_Coal,2030,7,5,6,0.0
196,AT_Coal,2030,7,7,8,0.0
197,AT_Coal,2030,7,9,10,0.0
198,AT_Coal,2030,7,11,12,0.0
199,AT_Coal,2030,7,13,14,0.0
200,AT_Coal,2030,7,15,16,0.0
201,AT_Coal,2030,7,17,18,0.0
202,AT_Coal,2030,7,19,20,0.0
203,AT_Coal,2030,7,21,22,0.0
204,AT_Coal,2030,7,23,24,0.0
205,AT_Coal,2030,8,1,2,0.0
206,AT_Coal,2030,8,3,4,0.0
207,AT_Coal,2030,8,5,6,0.0
208,AT_Coal,2030,8,7,8,0.0
209,AT_Coal,2030,8,9,10,0.0
210,AT_Coal,2030,8,11,12,0.0
211,AT_Coal,2030,8,13,14,0.0
212,AT_Coal,2030,8,15,16,0.0
213,AT_Coal,2030,8,17,18,0.0
214,AT_Coal,2030,8,19,20,0.0
215,AT_Coal,2030,8,21,22,0.0
216,AT_Coal,2030,8,23,24,0.0
217,AT_Coal,2030,9,1,2,0.0
218,AT_Coal,2030,9,3,4,0.0
219,AT_Coal,2030,9,5,6,0.0
220,AT_Coal,2030,9,7,8,0.0
221,AT_Coal,2030,9,9,10,0.0
222,AT_Coal,2030,9,11,12,0.0
223,AT_Coal,2030,9,13,14,0.0
224,AT_Coal,2030,9,15,16,0.0
225,AT_Coal,2030,9,17,18,0.0
226,AT_Coal,2030,9,19,20,0.0
227,AT_Coal,2030,9,21,22,0.0
228,AT_Coal,2030,9,23,24,0.0
229,AT_Coal,2030,10,1,2,0.0
230,AT_Coal,2030,10,3,4,0.0
231,AT_Coal,2030,10,5,6,0.0
232,AT_Coal,2030,10,7,8,0.0
233,AT_Coal,2030,10,9,10,0.0
234,AT_Coal,2030,10,11,12,0.0
235,AT_Coal,2030,10,13,14,0.0
236,AT_Coal,2030,10,15,16,0.0
237,AT_Coal,2030,10,17,18,0.0
238,AT_Coal,2030,10,19,20,0.0
239,AT_Coal,2030,10,21,22,0.0
240,AT_Coal,2030,10,23,24,0.0
241,AT_Nuclear,2030,1,1,2,0.0
242,AT_Nuclear,2030,1,3,4,0.0
243,AT_Nuclear,2030,1,5,6,0.0
244,AT_Nuclear,2030,1,7,8,0.0
245,AT_Nuclear,2030,1,9,10,0.0
246,AT_Nuclear,2030,1,11,12,0.0
247,AT_Nuclear,2030,1,13,14,0.0
248,AT_Nuclear,2030,1,15,16,0.0
249,AT_Nuclear,2030,1,17,18,0.0
250,AT_Nuclear,2030,1,19,20,0.0
251,AT_Nuclear,2030,1,21,22,0.0
252,AT_Nuclear,2030,1,23,24,0.0
253,AT_Nuclear,2030,2,1,2,0.0
254,AT_Nuclear,2030,2,3,4,0.0
255,AT_Nuclear,2030,2,5,6,0.0
256,AT_Nuclear,2030,2,7,8,0.0
257,AT_Nuclear,2030,2,9,10,0.0
258,AT_Nuclear,2030,2,11,12,0.0
259,AT_Nuclear,2030,2,13,14,0.0
260,AT_Nuclear,2030,2,15,16,0.0
261,AT_Nuclear,2030,2,17,18,0.0
262,AT_Nuclear,2030,2,19,20,0.0
263,AT_Nuclear,2030,2,21,22,0.0
264,AT_Nuclear,2030,2,23,24,0.0
265,AT_Nuclear,2030,3,1,2,0.0
266,AT_Nuclear,2030,3,3,4,0.0
267,AT_Nuclear,2030,3,5,6,0.0
268,AT_Nuclear,2030,3,7,8,0.0
269,AT_Nuclear,2030,3,9,10,0.0
270,AT_Nuclear,2030,3,11,12,0.0
271,AT_Nuclear,2030,3,13,14,0.0
272,AT_Nuclear,2030,3,15,16,0.0
273,AT_Nuclear,2030,3,17,18,0.0
274,AT_Nuclear,2030,3,19,20,0.0
275,AT_Nuclear,2030,3,21,22,0.0
276,AT_Nuclear,2030,3,23,24,0.0
277,AT_Nuclear,2030,4,1,2,0.0
278,AT_Nuclear,2030,4,3,4,0.0
279,AT_Nuclear,2030,4,5,6,0.0
280,AT_Nuclear,2030,4,7,8,0.0
281,AT_Nuclear,2030,4,9,10,0.0
282,AT_Nuclear,2030,4,11,12,0.0
283,AT_Nuclear,2030,4,13,14,0.0
284,AT_Nuclear,2030,4,15,16,0.0
285,AT_Nuclear,2030,4,17,18,0.0
286,AT_Nuclear,2030,4,19,20,0.0
287,AT_Nuclear,2030,4,21,22,0.0
288,AT_Nuclear,2030,4,23,24,0.0
289,AT_Nuclear,2030,5,1,2,0.0
290,AT_Nuclear,2030,5,3,4,0.0
291,AT_Nuclear,2030,5,5,6,0.0
292,AT_Nuclear,2030,5,7,8,0.0
293,AT_Nuclear,2030,5,9,10,0.0
294,AT_Nuclear,2030,5,11,12,0.0
295,AT_Nuclear,2030,5,13,14,0.0
296,AT_Nuclear,2030,5,15,16,0.0
297,AT_Nuclear,2030,5,17,18,0.0
298,AT_Nuclear,2030,5,19,20,0.0
299,AT_Nuclear,2030,5,21,22,0.0
300,AT_Nuclear,2030,5,23,24,0.0
301,AT_Nuclear,2030,6,1,2,0.0
302,AT_Nuclear,2030,6,3,4,0.0
303,AT_Nuclear,2030,6,5,6,0.0
304,AT_Nuclear,2030,6,7,8,0.0
305,AT_Nuclear,2030,6,9,10,0.0
306,AT_Nuclear,2030,6,11,12,0.0
307,AT_Nuclear,2030,6,13,14,0.0
308,AT_Nuclear,2030,6,15,16,0.0
309,AT_Nuclear,2030,6,17,18,0.0
310,AT_Nuclear,2030,6,19,20,0.0
311,AT_Nuclear,2030,6,21,22,0.0
312,AT_Nuclear,2030,6,23,24,0.0
313,AT_Nuclear,2030,7,1,2,0.0
314,AT_Nuclear,2030,7,3,4,0.0
315,AT_Nuclear,2030,7,5,6,0.0
316,AT_Nuclear,2030,7,7,8,0.0
317,AT_Nuclear,2030,7,9,10,0.0
318,AT_Nuclear,2030,7,11,12,0.0
319,AT_Nuclear,2030,7,13,14,0.0
320,AT_Nuclear,2030,7,15,16,0.0
321,AT_Nuclear,2030,7,17,18,0.0
322,AT_Nuclear,2030,7,19,20,0.0
323,AT_Nuclear,2030,7,21,22,0.0
324,AT_Nuclear,2030,7,23,24,0.0
325,AT_Nuclear,2030,8,1,2,0.0
326,AT_Nuclear,2030,8,3,4,0.0
327,AT_Nuclear,2030,8,5,6,0.0
328,AT_Nuclear,2030,8,7,8,0.0
329,AT_Nuclear,2030,8,9,10,0.0
330,AT_Nuclear,2030,8,11,12,0.0
331,AT_Nuclear,2030,8,13,14,0.0
332,AT_Nuclear,2030,8,15,16,0.0
333,AT_Nuclear,2030,8,17,18,0.0
334,AT_Nuclear,2030,8,19,20,0.0
335,AT_Nuclear,2030,8,21,22,0.0
336,AT_Nuclear,2030,8,23,24,0.0
337,AT_Nuclear,2030,9,1,2,0.0
338,AT_Nuclear,2030,9,3,4,0.0
339,AT_Nuclear,2030,9,5,6,0.0
340,AT_Nuclear,2030,9,7,8,0.0
341,AT_Nuclear,2030,9,9,10,0.0
342,AT_Nuclear,2030,9,11,12,0.0
343,AT_Nuclear,2030,9,13,14,0.0
344,AT_Nuclear,2030,9,15,16,0.0
345,AT_Nuclear,2030,9,17,18,0.0
346,AT_Nuclear,2030,9,19,20,0.0
347,AT_Nuclear,2030,9,21,22,0.0
348,AT_Nuclear,2030,9,23,24,0.0
349,AT_Nuclear,2030,10,1,2,0.0
350,AT_Nuclear,2030,10,3,4,0.0
351,AT_Nuclear,2030,10,5,6,0.0
352,AT_Nuclear,2030,10,7,8,0.0
353,AT_Nuclear,2030,10,9,10,0.0
354,AT_Nuclear,2030,10,11,12,0.0
355,AT_Nuclear,2030,10,13,14,0.0
356,AT_Nuclear,2030,10,15,16,0.0
357,AT_Nuclear,2030,10,17,18,0.0
358,AT_Nuclear,2030,10,19,20,0.0
359,AT_Nuclear,2030,10,21,22,0.0
360,AT_Nuclear,2030,10,23,24,0.0
361,AT_OCGT,2030,1,1,2,0.0
362,AT_OCGT,2030,1,3,4,0.0
363,AT_OCGT,2030,1,5,6,0.0
364,AT_OCGT,2030,1,7,8,0.0
365,AT_OCGT,2030,1,9,10,0.0
366,AT_OCGT,2030,1,11,12,0.0
367,AT_OCGT,2030,1,13,14,0.0
368,AT_OCGT,2030,1,15,16,0.0
369,AT_OCGT,2030,1,17,18,0.0
370,AT_OCGT,2030,1,19,20,0.0
371,AT_OCGT,2030,1,21,22,0.0
372,AT_OCGT,2030,1,23,24,0.0
373,AT_OCGT,2030,2,1,2,0.0
374,AT_OCGT,2030,2,3,4,0.0
375,AT_OCGT,2030,2,5,6,0.0
376,AT_OCGT,2030,2,7,8,0.0
377,AT_OCGT,2030,2,9,10,0.0
378,AT_OCGT,2030,2,11,12,0.0
379,AT_OCGT,2030,2,13,14,0.0
380,AT_OCGT,2030,2,15,16,0.0
381,AT_OCGT,2030,2,17,18,0.0
382,AT_OCGT,2030,2,19,20,0.0
383,AT_OCGT,2030,2,21,22,0.0
384,AT_OCGT,2030,2,23,24,0.0
385,AT_OCGT,2030,3,1,2,0.0
386,AT_OCGT,2030,3,3,4,0.0
387,AT_OCGT,2030,3,5,6,0.0
388,AT_OCGT,2030,3,7,8,0.0
389,AT_OCGT,2030,3,9,10,0.0
390,AT_OCGT,2030,3,11,12,0.0
391,AT_OCGT,2030,3,13,14,0.0
392,AT_OCGT,2030,3,15,16,0.0
393,AT_OCGT,2030,3,17,18,0.0
394,AT_OCGT,2030,3,19,20,0.0
395,AT_OCGT,2030,3,21,22,0.0
396,AT_OCGT,2030,3,23,24,0.0
397,AT_OCGT,2030,4,1,2,0.0
398,AT_OCGT,2030,4,3,4,0.0
399,AT_OCGT,2030,4,5,6,0.0
400,AT_OCGT,2030,4,7,8,0.0
401,AT_OCGT,2030,4,9,10,0.0
402,AT_OCGT,2030,4,11,12,0.0
403,AT_OCGT,2030,4,13,14,0.0
404,AT_OCGT,2030,4,15,16,0.0
405,AT_OCGT,2030,4,17,18,0.0
406,AT_OCGT,2030,4,19,20,0.0
407,AT_OCGT,2030,4,21,22,0.0
408,AT_OCGT,2030,4,23,24,0.0
409,AT_OCGT,2030,5,1,2,0.0
410,AT_OCGT,2030,5,3,4,0.0
411,AT_OCGT,2030,5,5,6,0.0
412,AT_OCGT,2030,5,7,8,0.0
413,AT_OCGT,2030,5,9,10,0.0
414,AT_OCGT,2030,5,11,12,0.0
415,AT_OCGT,2030,5,13,14,0.0
416,AT_OCGT,2030,5,15,16,0.0
417,AT_OCGT,2030,5,17,18,0.0
418,AT_OCGT,2030,5,19,20,0.0
419,AT_OCGT,2030,5,21,22,0.0
420,AT_OCGT,2030,5,23,24,0.0
421,AT_OCGT,2030,6,1,2,0.0
422,AT_OCGT,2030,6,3,4,0.0
423,AT_OCGT,2030,6,5,6,0.0
424,AT_OCGT,2030,6,7,8,0.0
425,AT_OCGT,2030,6,9,10,0.0
426,AT_OCGT,2030,6,11,12,0.0
427,AT_OCGT,2030,6,13,14,0.0
428,AT_OCGT,2030,6,15,16,0.0
429,AT_OCGT,2030,6,17,18,0.0
430,AT_OCGT,2030,6,19,20,0.0
431,AT_OCGT,2030,6,21,22,0.0
432,AT_OCGT,2030,6,23,24,0.0
433,AT_OCGT,2030,7,1,2,0.0
434,AT_OCGT,2030,7,3,4,0.0
435,AT_OCGT,2030,7,5,6,0.0
436,AT_OCGT,2030,7,7,8,0.0
437,AT_OCGT,2030,7,9,10,0.0
438,AT_OCGT,2030,7,11,12,0.0
439,AT_OCGT,2030,7,13,14,0.0
440,AT_OCGT,2030,7,15,16,0.0
441,AT_OCGT,2030,7,17,18,0.0
442,AT_OCGT,2030,7,19,20,0.0
443,AT_OCGT,2030,7,21,22,0.0
444,AT_OCGT,2030,7,23,24,0.0
445,AT_OCGT,2030,8,1,2,0.0
446,AT_OCGT,2030,8,3,4,0.0
447,AT_OCGT,2030,8,5,6,0.0
448,AT_OCGT,2030,8,7,8,0.0
449,AT_OCGT,2030,8,9,10,0.0
450,AT_OCGT,2030,8,11,12,0.0
451,AT_OCGT,2030,8,13,14,0.0
452,AT_OCGT,2030,8,15,16,0.0
453,AT_OCGT,2030,8,17,18,0.0
454,AT_OCGT,2030,8,19,20,0.0
455,AT_OCGT,2030,8,21,22,0.0
456,AT_OCGT,2030,8,23,24,0.0
457,AT_OCGT,2030,9,1,2,0.0
458,AT_OCGT,2030,9,3,4,0.0
459,AT_OCGT,2030,9,5,6,0.0
460,AT_OCGT,2030,9,7,8,0.0
461,AT_OCGT,2030,9,9,10,0.0
462,AT_OCGT,2030,9,11,12,0.0
463,AT_OCGT,2030,9,13,14,0.0
464,AT_OCGT,2030,9,15,16,0.0
465,AT_OCGT,2030,9,17,18,0.0
466,AT_OCGT,2030,9,19,20,0.0
467,AT_OCGT,2030,9,21,22,0.0
468,AT_OCGT,2030,9,23,24,0.0
469,AT_OCGT,2030,10,1,2,0.0
470,AT_OCGT,2030,10,3,4,0.0
471,AT_OCGT,2030,10,5,6,0.0
472,AT_OCGT,2030,10,7,8,0.0
473,AT_OCGT,2030,10,9,10,0.0
474,AT_OCGT,2030,10,11,12,0.0
475,AT_OCGT,2030,10,13,14,0.0
476,AT_OCGT,2030,10,15,16,0.0
477,AT_OCGT,2030,10,17,18,0.0
478,AT_OCGT,2030,10,19,20,0.0
479,AT_OCGT,2030,10,21,22,0.0
480,AT_OCGT,2030,10,23,24,0.0
481,BE_CCGT,2030,1,1,2,0.0
482,BE_CCGT,2030,1,3,4,0.0
483,BE_CCGT,2030,1,5,6,0.0
484,BE_CCGT,2030,1,7,8,0.0
485,BE_CCGT,2030,1,9,10,0.0
486,BE_CCGT,2030,1,11,12,0.0
487,BE_CCGT,2030,1,13,14,0.0
488,BE_CCGT,2030,1,15,16,0.0
489,BE_CCGT,2030,1,17,18,0.0
490,BE_CCGT,2030,1,19,20,0.0
491,BE_CCGT,2030,1,21,22,0.0
492,BE_CCGT,2030,1,23,24,0.0
493,BE_CCGT,2030,2,1,2,0.0
494,BE_CCGT,2030,2,3,4,0.0
495,BE_CCGT,2030,2,5,6,0.0
496,BE_CCGT,2030,2,7,8,0.0
497,BE_CCGT,2030,2,9,10,0.0
498,BE_CCGT,2030,2,11,12,0.0
499,BE_CCGT,2030,2,13,14,0.0
500,BE_CCGT,2030,2,15,16,0.0
501,BE_CCGT,2030,2,17,18,0.0
502,BE_CCGT,2030,2,19,20,0.0
503,BE_CCGT,2030,2,21,22,0.0
504,BE_CCGT,2030,2,23,24,0.0
505,BE_CCGT,2030,3,1,2,0.0
506,BE_CCGT,2030,3,3,4,0.0
507,BE_CCGT,2030,3,5,6,0.0
508,BE_CCGT,2030,3,7,8,0.0
509,BE_CCGT,2030,3,9,10,0.0
510,BE_CCGT,2030,3,11,12,0.0
511,BE_CCGT,2030,3,13,14,0.0
512,BE_CCGT,2030,3,15,16,0.0
513,BE_CCGT,2030,3,17,18,0.0
514,BE_CCGT,2030,3,19,20,0.0
515,BE_CCGT,2030,3,21,22,0.0
516,BE_CCGT,2030,3,23,24,0.0
517,BE_CCGT,2030,4,1,2,0.0
518,BE_CCGT,2030,4,3,4,0.0
519,BE_CCGT,2030,4,5,6,0.0
520,BE_CCGT,2030,4,7,8,0.0
521,BE_CCGT,2030,4,9,10,0.0
522,BE_CCGT,2030,4,11,12,0.0
523,BE_CCGT,2030,4,13,14,0.0
524,BE_CCGT,2030,4,15,16,0.0
525,BE_CCGT,2030,4,17,18,0.0
526,BE_CCGT,2030,4,19,20,0.0
527,BE_CCGT,2030,4,21,22,0.0
528,BE_CCGT,2030,4,23,24,0.0
529,BE_CCGT,2030,5,1,2,0.0
530,BE_CCGT,2030,5,3,4,0.0
531,BE_CCGT,2030,5,5,6,0.0
532,BE_CCGT,2030,5,7,8,0.0
533,BE_CCGT,2030,5,9,10,0.0
534,BE_CCGT,2030,5,11,12,0.0
535,BE_CCGT,2030,5,13,14,0.0
536,BE_CCGT,2030,5,15,16,0.0
537,BE_CCGT,2030,5,17,18,0.0
538,BE_CCGT,2030,5,19,20,0.0
539,BE_CCGT,2030,5,21,22,0.0
540,BE_CCGT,2030,5,23,24,0.0
541,BE_CCGT,2030,6,1,2,0.0
542,BE_CCGT,2030,6,3,4,0.0
543,BE_CCGT,2030,6,5,6,0.0
544,BE_CCGT,2030,6,7,8,0.0
545,BE_CCGT,2030,6,9,10,0.0
546,BE_CCGT,2030,6,11,12,0.0
547,BE_CCGT,2030,6,13,14,0.0
548,BE_CCGT,2030,6,15,16,0.0
549,BE_CCGT,2030,6,17,18,0.0
550,BE_CCGT,2030,6,19,20,0.0
551,BE_CCGT,2030,6,21,22,0.0
552,BE_CCGT,2030,6,23,24,0.0
553,BE_CCGT,2030,7,1,2,0.0
554,BE_CCGT,2030,7,3,4,0.0
555,BE_CCGT,2030,7,5,6,0.0
556,BE_CCGT,2030,7,7,8,0.0
557,BE_CCGT,2030,7,9,10,0.0
558,BE_CCGT,2030,7,11,12,0.0
559,BE_CCGT,2030,7,13,14,0.0
560,BE_CCGT,2030,7,15,16,0.0
561,BE_CCGT,2030,7,17,18,0.0
562,BE_CCGT,2030,7,19,20,0.0
563,BE_CCGT,2030,7,21,22,0.0
564,BE_CCGT,2030,7,23,24,0.0
565,BE_CCGT,2030,8,1,2,0.0
566,BE_CCGT,2030,8,3,4,0.0
567,BE_CCGT,2030,8,5,6,0.0
568,BE_CCGT,2030,8,7,8,0.0
569,BE_CCGT,2030,8,9,10,0.0
570,BE_CCGT,2030,8,11,12,0.0
571,BE_CCGT,2030,8,13,14,0.0
572,BE_CCGT,2030,8,15,16,0.0
573,BE_CCGT,2030,8,17,18,0.0
574,BE_CCGT,2030,8,19,20,0.0
575,BE_CCGT,2030,8,21,22,0.0
576,BE_CCGT,2030,8,23,24,0.0
577,BE_CCGT,2030,9,1,2,0.0
578,BE_CCGT,2030,9,3,4,0.0
579,BE_CCGT,2030,9,5,6,0.0
580,BE_CCGT,2030,9,7,8,0.0
581,BE_CCGT,2030,9,9,10,0.0
582,BE_CCGT,2030,9,11,12,0.0
583,BE_CCGT,2030,9,13,14,0.0
584,BE_CCGT,2030,9,15,16,0.0
585,BE_CCGT,2030,9,17,18,0.0
586,BE_CCGT,2030,9,19,20,0.0
587,BE_CCGT,2030,9,21,22,0.0
588,BE_CCGT,2030,9,23,24,0.0
589,BE_CCGT,2030,10,1,2,0.0
590,BE_CCGT,2030,10,3,4,0.0
591,BE_CCGT,2030,10,5,6,0.0
592,BE_CCGT,2030,10,7,8,0.0
593,BE_CCGT,2030,10,9,10,0.0
594,BE_CCGT,2030,10,11,12,0.0
595,BE_CCGT,2030,10,13,14,0.0
596,BE_CCGT,2030,10,15,16,0.0
597,BE_CCGT,2030,10,17,18,0.0
598,BE_CCGT,2030,10,19,20,0.0
599,BE_CCGT,2030,10,21,22,0.0
600,BE_CCGT,2030,10,23,24,0.0
601,BE_Coal,2030,1,1,2,0.0
602,BE_Coal,2030,1,3,4,0.0
603,BE_Coal,2030,1,5,6,0.0
604,BE_Coal,2030,1,7,8,0.0
605,BE_Coal,2030,1,9,10,0.0
606,BE_Coal,2030,1,11,12,0.0
607,BE_Coal,2030,1,13,14,0.0
608,BE_Coal,2030,1,15,16,0.0
609,BE_Coal,2030,1,17,18,0.0
610,BE_Coal,2030,1,19,20,0.0
611,BE_Coal,2030,1,21,22,0.0
612,BE_Coal,2030,1,23,24,0.0
613,BE_Coal,2030,2,1,2,0.0
614,BE_Coal,2030,2,3,4,0.0
615,BE_Coal,2030,2,5,6,0.0
616,BE_Coal,2030,2,7,8,0.0
617,BE_Coal,2030,2,9,10,0.0
618,BE_Coal,2030,2,11,12,0.0
619,BE_Coal,2030,2,13,14,0.0
620,BE_Coal,2030,2,15,16,0.0
621,BE_Coal,2030,2,17,18,0.0
622,BE_Coal,2030,2,19,20,0.0
623,BE_Coal,2030,2,21,22,0.0
624,BE_Coal,2030,2,23,24,0.0
625,BE_Coal,2030,3,1,2,0.0
626,BE_Coal,2030,3,3,4,0.0
627,BE_Coal,2030,3,5,6,0.0
628,BE_Coal,2030,3,7,8,0.0
629,BE_Coal,2030,3,9,10,0.0
630,BE_Coal,2030,3,11,12,0.0
631,BE_Coal,2030,3,13,14,0.0
632,BE_Coal,2030,3,15,16,0.0
633,BE_Coal,2030,3,17,18,0.0
634,BE_Coal,2030,3,19,20,0.0
635,BE_Coal,2030,3,21,22,0.0
636,BE_Coal,2030,3,23,24,0.0
637,BE_Coal,2030,4,1,2,0.0
638,BE_Coal,2030,4,3,4,0.0
639,BE_Coal,2030,4,5,6,0.0
640,BE_Coal,2030,4,7,8,0.0
641,BE_Coal,2030,4,9,10,0.0
642,BE_Coal,2030,4,11,12,0.0
643,BE_Coal,2030,4,13,14,0.0
644,BE_Coal,2030,4,15,16,0.0
645,BE_Coal,2030,4,17,18,0.0
646,BE_Coal,2030,4,19,20,0.0
647,BE_Coal,2030,4,21,22,0.0
648,BE_Coal,2030,4,23,24,0.0
649,BE_Coal,2030,5,1,2,0.0
650,BE_Coal,2030,5,3,4,0.0
651,BE_Coal,2030,5,5,6,0.0
652,BE_Coal,2030,5,7,8,0.0
653,BE_Coal,2030,5,9,10,0.0
654,BE_Coal,2030,5,11,12,0.0
655,BE_Coal,2030,5,13,14,0.0
656,BE_Coal,2030,5,15,16,0.0
657,BE_Coal,2030,5,17,18,0.0
658,BE_Coal,2030,5,19,20,0.0
659,BE_Coal,2030,5,21,22,0.0
660,BE_Coal,2030,5,23,24,0.0
661,BE_Coal,2030,6,1,2,0.0
662,BE_Coal,2030,6,3,4,0.0
663,BE_Coal,2030,6,5,6,0.0
664,BE_Coal,2030,6,7,8,0.0
665,BE_Coal,2030,6,9,10,0.0
666,BE_Coal,2030,6,11,12,0.0
667,BE_Coal,2030,6,13,14,0.0
668,BE_Coal,2030,6,15,16,0.0
669,BE_Coal,2030,6,17,18,0.0
670,BE_Coal,2030,6,19,20,0.0
671,BE_Coal,2030,6,21,22,0.0
672,BE_Coal,2030,6,23,24,0.0
673,BE_Coal,2030,7,1,2,0.0
674,BE_Coal,2030,7,3,4,0.0
675,BE_Coal,2030,7,5,6,0.0
676,BE_Coal,2030,7,7,8,0.0
677,BE_Coal,2030,7,9,10,0.0
678,BE_Coal,2030,7,11,12,0.0
679,BE_Coal,2030,7,13,14,0.0
680,BE_Coal,2030,7,15,16,0.0
681,BE_Coal,2030,7,17,18,0.0
682,BE_Coal,2030,7,19,20,0.0
683,BE_Coal,2030,7,21,22,0.0
684,BE_Coal,2030,7,23,24,0.0
685,BE_Coal,2030,8,1,2,0.0
686,BE_Coal,2030,8,3,4,0.0
687,BE_Coal,2030,8,5,6,0.0
688,BE_Coal,2030,8,7,8,0.0
689,BE_Coal,2030,8,9,10,0.0
690,BE_Coal,2030,8,11,12,0.0
691,BE_Coal,2030,8,13,14,0.0
692,BE_Coal,2030,8,15,16,0.0
693,BE_Coal,2030,8,17,18,0.0
694,BE_Coal,2030,8,19,20,0.0
695,BE_Coal,2030,8,21,22,0.0
696,BE_Coal,2030,8,23,24,0.0
697,BE_Coal,2030,9,1,2,0.0
698,BE_Coal,2030,9,3,4,0.0
699,BE_Coal,2030,9,5,6,0.0
700,BE_Coal,2030,9,7,8,0.0
701,BE_Coal,2030,9,9,10,0.0
702,BE_Coal,2030,9,11,12,0.0
703,BE_Coal,2030,9,13,14,0.0
704,BE_Coal,2030,9,15,16,0.0
705,BE_Coal,2030,9,17,18,0.0
706,BE_Coal,2030,9,19,20,0.0
707,BE_Coal,2030,9,21,22,0.0
708,BE_Coal,2030,9,23,24,0.0
709,BE_Coal,2030,10,1,2,0.0
710,BE_Coal,2030,10,3,4,0.0
711,BE_Coal,2030,10,5,6,0.0
712,BE_Coal,2030,10,7,8,0.0
713,BE_Coal,2030,10,9,10,0.0
714,BE_Coal,2030,10,11,12,0.0
715,BE_Coal,2030,10,13,14,0.0
716,BE_Coal,2030,10,15,16,0.0
717,BE_Coal,2030,10,17,18,0.0
718,BE_Coal,2030,10,19,20,0.0
719,BE_Coal,2030,10,21,22,0.0
720,BE_Coal,2030,10,23,24,0.0
721,BE_Nuclear,2030,1,1,2,0.0
722,BE_Nuclear,2030,1,3,4,0.0
723,BE_Nuclear,2030,1,5,6,0.0
724,BE_Nuclear,2030,1,7,8,0.0
725,BE_Nuclear,2030,1,9,10,0.0
726,BE_Nuclear,2030,1,11,12,0.0
727,BE_Nuclear,2030,1,13,14,0.0
728,BE_Nuclear,2030,1,15,16,0.0
729,BE_Nuclear,2030,1,17,18,0.0
730,BE_Nuclear,2030,1,19,20,0.0
731,BE_Nuclear,2030,1,21,22,0.0
732,BE_Nuclear,2030,1,23,24,0.0
733,BE_Nuclear,2030,2,1,2,0.0
734,BE_Nuclear,2030,2,3,4,0.0
735,BE_Nuclear,2030,2,5,6,0.0
736,BE_Nuclear,2030,2,7,8,0.0
737,BE_Nuclear,2030,2,9,10,0.0
738,BE_Nuclear,2030,2,11,12,0.0
739,BE_Nuclear,2030,2,13,14,0.0
740,BE_Nuclear,2030,2,15,16,0.0
741,BE_Nuclear,2030,2,17,18,0.0
742,BE_Nuclear,2030,2,19,20,0.0
743,BE_Nuclear,2030,2,21,22,0.0
744,BE_Nuclear,2030,2,23,24,0.0
745,BE_Nuclear,2030,3,1,2,0.0
746,BE_Nuclear,2030,3,3,4,0.0
747,BE_Nuclear,2030,3,5,6,0.0
748,BE_Nuclear,2030,3,7,8,0.0
749,BE_Nuclear,2030,3,9,10,0.0
750,BE_Nuclear,2030,3,11,12,0.0
751,BE_Nuclear,2030,3,13,14,0.0
752,BE_Nuclear,2030,3,15,16,0.0
753,BE_Nuclear,2030,3,17,18,0.0
754,BE_Nuclear,2030,3,19,20,0.0
755,BE_Nuclear,2030,3,21,22,0.0
756,BE_Nuclear,2030,3,23,24,0.0
757,BE_Nuclear,2030,4,1,2,0.0
758,BE_Nuclear,2030,4,3,4,0.0
759,BE_Nuclear,2030,4,5,6,0.0
760,BE_Nuclear,2030,4,7,8,0.0
761,BE_Nuclear,2030,4,9,10,0.0
762,BE_Nuclear,2030,4,11,12,0.0
763,BE_Nuclear,2030,4,13,14,0.0
764,BE_Nuclear,2030,4,15,16,0.0
765,BE_Nuclear,2030,4,17,18,0.0
766,BE_Nuclear,2030,4,19,20,0.0
767,BE_Nuclear,2030,4,21,22,0.0
768,BE_Nuclear,2030,4,23,24,0.0
769,BE_Nuclear,2030,5,1,2,0.0
770,BE_Nuclear,2030,5,3,4,0.0
771,BE_Nuclear,2030,5,5,6,0.0
772,BE_Nuclear,2030,5,7,8,0.0
773,BE_Nuclear,2030,5,9,10,0.0
774,BE_Nuclear,2030,5,11,12,0.0
775,BE_Nuclear,2030,5,13,14,0.0
776,BE_Nuclear,2030,5,15,16,0.0
777,BE_Nuclear,2030,5,17,18,0.0
778,BE_Nuclear,2030,5,19,20,0.0
779,BE_Nuclear,2030,5,21,22,0.0
780,BE_Nuclear,2030,5,23,24,0.0
781,BE_Nuclear,2030,6,1,2,0.0
782,BE_Nuclear,2030,6,3,4,0.0
783,BE_Nuclear,2030,6,5,6,0.0
784,BE_Nuclear,2030,6,7,8,0.0
785,BE_Nuclear,2030,6,9,10,0.0
786,BE_Nuclear,2030,6,11,12,0.0
787,BE_Nuclear,2030,6,13,14,0.0
788,BE_Nuclear,2030,6,15,16,0.0
789,BE_Nuclear,2030,6,17,18,0.0
790,BE_Nuclear,2030,6,19,20,0.0
791,BE_Nuclear,2030,6,21,22,0.0
792,BE_Nuclear,2030,6,23,24,0.0
793,BE_Nuclear,2030,7,1,2,0.0
794,BE_Nuclear,2030,7,3,4,0.0
795,BE_Nuclear,2030,7,5,6,0.0
796,BE_Nuclear,2030,7,7,8,0.0
797,BE_Nuclear,2030,7,9,10,0.0
798,BE_Nuclear,2030,7,11,12,0.0
799,BE_Nuclear,2030,7,13,14,0.0
800,BE_Nuclear,2030,7,15,16,0.0
801,BE_Nuclear,2030,7,17,18,0.0
802,BE_Nuclear,2030,7,19,20,0.0
803,BE_Nuclear,2030,7,21,22,0.0
804,BE_Nuclear,2030,7,23,24,0.0
805,BE_Nuclear,2030,8,1,2,0.0
806,BE_Nuclear,2030,8,3,4,0.0
807,BE_Nuclear,2030,8,5,6,0.0
808,BE_Nuclear,2030,8,7,8,0.0
809,BE_Nuclear,2030,8,9,10,0.0
810,BE_Nuclear,2030,8,11,12,0.0
811,BE_Nuclear,2030,8,13,14,0.0
812,BE_Nuclear,2030,8,15,16,0.0
813,BE_Nuclear,2030,8,17,18,0.0
814,BE_Nuclear,2030,8,19,20,0.0
815,BE_Nuclear,2030,8,21,22,0.0
816,BE_Nuclear,2030,8,23,24,0.0
817,BE_Nuclear,2030,9,1,2,0.0
818,BE_Nuclear,2030,9,3,4,0.0
819,BE_Nuclear,2030,9,5,6,0.0
820,BE_Nuclear,2030,9,7,8,0.0
821,BE_Nuclear,2030,9,9,10,0.0
822,BE_Nuclear,2030,9,11,12,0.0
823,BE_Nuclear,2030,9,13,14,0.0
824,BE_Nuclear,2030,9,15,16,0.0
825,BE_Nuclear,2030,9,17,18,0.0
826,BE_Nuclear,2030,9,19,20,0.0
827,BE_Nuclear,2030,9,21,22,0.0
828,BE_Nuclear,2030,9,23,24,0.0
829,BE_Nuclear,2030,10,1,2,0.0
830,BE_Nuclear,2030,10,3,4,0.0
831,BE_Nuclear,2030,10,5,6,0.0
832,BE_Nuclear,2030,10,7,8,0.0
833,BE_Nuclear,2030,10,9,10,0.0
834,BE_Nuclear,2030,10,11,12,0.0
835,BE_Nuclear,2030,10,13,14,0.0
836,BE_Nuclear,2030,10,15,16,0.0
837,BE_Nuclear,2030,10,17,18,0.0
838,BE_Nuclear,2030,10,19,20,0.0
839,BE_Nuclear,2030,10,21,22,0.0
840,BE_Nuclear,2030,10,23,24,0.0
841,BE_OCGT,2030,1,1,2,0.0
842,BE_OCGT,2030,1,3,4,0.0
843,BE_OCGT,2030,1,5,6,0.0
844,BE_OCGT,2030,1,7,8,0.0
845,BE_OCGT,2030,1,9,10,0.0
846,BE_OCGT,2030,1,11,12,0.0
847,BE_OCGT,2030,1,13,14,0.0
848,BE_OCGT,2030,1,15,16,0.0
849,BE_OCGT,2030,1,17,18,0.0
850,BE_OCGT,2030,1,19,20,0.0
851,BE_OCGT,2030,1,21,22,0.0
852,BE_OCGT,2030,1,23,24,0.0
853,BE_OCGT,2030,2,1,2,0.0
854,BE_OCGT,2030,2,3,4,0.0
855,BE_OCGT,2030,2,5,6,0.0
856,BE_OCGT,2030,2,7,8,0.0
857,BE_OCGT,2030,2,9,10,0.0
858,BE_OCGT,2030,2,11,12,0.0
859,BE_OCGT,2030,2,13,14,0.0
860,BE_OCGT,2030,2,15,16,0.0
861,BE_OCGT,2030,2,17,18,0.0
862,BE_OCGT,2030,2,19,20,0.0
863,BE_OCGT,2030,2,21,22,0.0
864,BE_OCGT,2030,2,23,24,0.0
865,BE_OCGT,2030,3,1,2,0.0
866,BE_OCGT,2030,3,3,4,0.0
867,BE_OCGT,2030,3,5,6,0.0
868,BE_OCGT,2030,3,7,8,0.0
869,BE_OCGT,2030,3,9,10,0.0
870,BE_OCGT,2030,3,11,12,0.0
871,BE_OCGT,2030,3,13,14,0.0
872,BE_OCGT,2030,3,15,16,0.0
873,BE_OCGT,2030,3,17,18,0.0
874,BE_OCGT,2030,3,19,20,0.0
875,BE_OCGT,2030,3,21,22,0.0
876,BE_OCGT,2030,3,23,24,0.0
877,BE_OCGT,2030,4,1,2,0.0
878,BE_OCGT,2030,4,3,4,0.0
879,BE_OCGT,2030,4,5,6,0.0
880,BE_OCGT,2030,4,7,8,0.0
881,BE_OCGT,2030,4,9,10,0.0
882,BE_OCGT,2030,4,11,12,0.0
883,BE_OCGT,2030,4,13,14,0.0
884,BE_OCGT,2030,4,15,16,0.0
885,BE_OCGT,2030,4,17,18,0.0
886,BE_OCGT,2030,4,19,20,0.0
887,BE_OCGT,2030,4,21,22,0.0
888,BE_OCGT,2030,4,23,24,0.0
889,BE_OCGT,2030,5,1,2,0.0
890,BE_OCGT,2030,5,3,4,0.0
891,BE_OCGT,2030,5,5,6,0.0
892,BE_OCGT,2030,5,7,8,0.0
893,BE_OCGT,2030,5,9,10,0.0
894,BE_OCGT,2030,5,11,12,0.0
895,BE_OCGT,2030,5,13,14,0.0
896,BE_OCGT,2030,5,15,16,0.0
897,BE_OCGT,2030,5,17,18,0.0
898,BE_OCGT,2030,5,19,20,0.0
899,BE_OCGT,2030,5,21,22,0.0
900,BE_OCGT,2030,5,23,24,0.0
901,BE_OCGT,2030,6,1,2,0.0
902,BE_OCGT,2030,6,3,4,0.0
903,BE_OCGT,2030,6,5,6,0.0
904,BE_OCGT,2030,6,7,8,0.0
905,BE_OCGT,2030,6,9,10,0.0
906,BE_OCGT,2030,6,11,12,0.0
907,BE_OCGT,2030,6,13,14,0.0
908,BE_OCGT,2030,6,15,16,0.0
909,BE_OCGT,2030,6,17,18,0.0
910,BE_OCGT,2030,6,19,20,0.0
911,BE_OCGT,2030,6,21,22,0.0
912,BE_OCGT,2030,6,23,24,0.0
913,BE_OCGT,2030,7,1,2,0.0
914,BE_OCGT,2030,7,3,4,0.0
915,BE_OCGT,2030,7,5,6,0.0
916,BE_OCGT,2030,7,7,8,0.0
917,BE_OCGT,2030,7,9,10,0.0
918,BE_OCGT,2030,7,11,12,0.0
919,BE_OCGT,2030,7,13,14,0.0
920,BE_OCGT,2030,7,15,16,0.0
921,BE_OCGT,2030,7,17,18,0.0
922,BE_OCGT,2030,7,19,20,0.0
923,BE_OCGT,2030,7,21,22,0.0
924,BE_OCGT,2030,7,23,24,0.0
925,BE_OCGT,2030,8,1,2,0.0
926,BE_OCGT,2030,8,3,4,0.0
927,BE_OCGT,2030,8,5,6,0.0
928,BE_OCGT,2030,8,7,8,0.0
929,BE_OCGT,2030,8,9,10,0.0
930,BE_OCGT,2030,8,11,12,0.0
931,BE_OCGT,2030,8,13,14,0.0
932,BE_OCGT,2030,8,15,16,0.0
933,BE_OCGT,2030,8,17,18,0.0
934,BE_OCGT,2030,8,19,20,0.0
935,BE_OCGT,2030,8,21,22,0.0
936,BE_OCGT,2030,8,23,24,0.0
937,BE_OCGT,2030,9,1,2,0.0
938,BE_OCGT,2030,9,3,4,0.0
939,BE_OCGT,2030,9,5,6,0.0
940,BE_OCGT,2030,9,7,8,0.0
941,BE_OCGT,2030,9,9,10,0.0
942,BE_OCGT,2030,9,11,12,0.0
943,BE_OCGT,2030,9,13,14,0.0
944,BE_OCGT,2030,9,15,16,0.0
945,BE_OCGT,2030,9,17,18,0.0
946,BE_OCGT,2030,9,19,20,0.0
947,BE_OCGT,2030,9,21,22,0.0
948,BE_OCGT,2030,9,23,24,0.0
949,BE_OCGT,2030,10,1,2,0.0
950,BE_OCGT,2030,10,3,4,0.0
951,BE_OCGT,2030,10,5,6,0.0
952,BE_OCGT,2030,10,7,8,0.0
953,BE_OCGT,2030,10,9,10,0.0
954,BE_OCGT,2030,10,11,12,0.0
955,BE_OCGT,2030,10,13,14,0.0
956,BE_OCGT,2030,10,15,16,0.0
957,BE_OCGT,2030,10,17,18,0.0
958,BE_OCGT,2030,10,19,20,0.0
959,BE_OCGT,2030,10,21,22,0.0
960,BE_OCGT,2030,10,23,24,0.0
961,BG_Nuclear,2030,1,1,2,0.0
962,BG_Nuclear,2030,1,3,4,0.0
963,BG_Nuclear,2030,1,5,6,0.0
964,BG_Nuclear,2030,1,7,8,0.0
965,BG_Nuclear,2030,1,9,10,0.0
966,BG_Nuclear,2030,1,11,12,0.0
967,BG_Nuclear,2030,1,13,14,0.0
968,BG_Nuclear,2030,1,15,16,0.0
969,BG_Nuclear,2030,1,17,18,0.0
970,BG_Nuclear,2030,1,19,20,0.0
971,BG_Nuclear,2030,1,21,22,0.0
972,BG_Nuclear,2030,1,23,24,0.0
973,BG_Nuclear,2030,2,1,2,0.0
974,BG_Nuclear,2030,2,3,4,0.0
975,BG_Nuclear,2030,2,5,6,0.0
976,BG_Nuclear,2030,2,7,8,0.0
977,BG_Nuclear,2030,2,9,10,0.0
978,BG_Nuclear,2030,2,11,12,0.0
979,BG_Nuclear,2030,2,13,14,0.0
980,BG_Nuclear,2030,2,15,16,0.0
981,BG_Nuclear,2030,2,17,18,0.0
982,BG_Nuclear,2030,2,19,20,0.0
983,BG_Nuclear,2030,2,21,22,0.0
984,BG_Nuclear,2030,2,23,24,0.0
985,BG_Nuclear,2030,3,1,2,0.0
986,BG_Nuclear,2030,3,3,4,0.0
987,BG_Nuclear,2030,3,5,6,0.0
988,BG_Nuclear,2030,3,7,8,0.0
989,BG_Nuclear,2030,3,9,10,0.0
990,BG_Nuclear,2030,3,11,12,0.0
991,BG_Nuclear,2030,3,13,14,0.0
992,BG_Nuclear,2030,3,15,16,0.0
993,BG_Nuclear,2030,3,17,18,0.0
994,BG_Nuclear,2030,3,19,20,0.0
995,BG_Nuclear,2030,3,21,22,0.0
996,BG_Nuclear,2030,3,23,24,0.0
997,BG_Nuclear,2030,4,1,2,0.0
998,BG_Nuclear,2030,4,3,4,0.0
999,BG_Nuclear,2030,4,5,6,0.0
1000,BG_Nuclear,2030,4,7,8,0.0
1001,BG_Nuclear,2030,4,9,10,0.0
1002,BG_Nuclear,2030,4,11,12,0.0
1003,BG_Nuclear,2030,4,13,14,0.0
1004,BG_Nuclear,2030,4,15,16,0.0
1005,BG_Nuclear,2030,4,17,18,0.0
1006,BG_Nuclear,2030,4,19,20,0.0
1007,BG_Nuclear,2030,4,21,22,0.0
1008,BG_Nuclear,2030,4,23,24,0.0
1009,BG_Nuclear,2030,5,1,2,0.0
1010,BG_Nuclear,2030,5,3,4,0.0
1011,BG_Nuclear,2030,5,5,6,0.0
1012,BG_Nuclear,2030,5,7,8,0.0
1013,BG_Nuclear,2030,5,9,10,0.0
1014,BG_Nuclear,2030,5,11,12,0.0
1015,BG_Nuclear,2030,5,13,14,0.0
1016,BG_Nuclear,2030,5,15,16,0.0
1017,BG_Nuclear,2030,5,17,18,0.0
1018,BG_Nuclear,2030,5,19,20,0.0
1019,BG_Nuclear,2030,5,21,22,0.0
1020,BG_Nuclear,2030,5,23,24,0.0
1021,BG_Nuclear,2030,6,1,2,0.0
1022,BG_Nuclear,2030,6,3,4,0.0
1023,BG_Nuclear,2030,6,5,6,0.0
1024,BG_Nuclear,2030,6,7,8,0.0
1025,BG_Nuclear,2030,6,9,10,0.0
1026,BG_Nuclear,2030,6,11,12,0.0
1027,BG_Nuclear,2030,6,13,14,0.0
1028,BG_Nuclear,2030,6,15,16,0.0
1029,BG_Nuclear,2030,6,17,18,0.0
1030,BG_Nuclear,2030,6,19,20,0.0
1031,BG_Nuclear,2030,6,21,22,0.0
1032,BG_Nuclear,2030,6,23,24,0.0
1033,BG_Nuclear,2030,7,1,2,0.0
1034,BG_Nuclear,2030,7,3,4,0.0
1035,BG_Nuclear,2030,7,5,6,0.0
1036,BG_Nuclear,2030,7,7,8,0.0
1037,BG_Nuclear,2030,7,9,10,0.0
1038,BG_Nuclear,2030,7,11,12,0.0
1039,BG_Nuclear,2030,7,13,14,0.0
1040,BG_Nuclear,2030,7,15,16,0.0
1041,BG_Nuclear,2030,7,17,18,0.0
1042,BG_Nuclear,2030,7,19,20,0.0
1043,BG_Nuclear,2030,7,21,22,0.0
1044,BG_Nuclear,2030,7,23,24,0.0
1045,BG_Nuclear,2030,8,1,2,0.0
1046,BG_Nuclear,2030,8,3,4,0.0
1047,BG_Nuclear,2030,8,5,6,0.0
1048,BG_Nuclear,2030,8,7,8,0.0
1049,BG_Nuclear,2030,8,9,10,0.0
1050,BG_Nuclear,2030,8,11,12,0.0
1051,BG_Nuclear,2030,8,13,14,0.0
1052,BG_Nuclear,2030,8,15,16,0.0
1053,BG_Nuclear,2030,8,17,18,0.0
1054,BG_Nuclear,2030,8,19,20,0.0
1055,BG_Nuclear,2030,8,21,22,0.0
1056,BG_Nuclear,2030,8,23,24,0.0
1057,BG_Nuclear,2030,9,1,2,0.0
1058,BG_Nuclear,2030,9,3,4,0.0
1059,BG_Nuclear,2030,9,5,6,0.0
1060,BG_Nuclear,2030,9,7,8,0.0
1061,BG_Nuclear,2030,9,9,10,0.0
1062,BG_Nuclear,2030,9,11,12,0.0
1063,BG_Nuclear,2030,9,13,14,0.0
1064,BG_Nuclear,2030,9,15,16,0.0
1065,BG_Nuclear,2030,9,17,18,0.0
1066,BG_Nuclear,2030,9,19,20,0.0
1067,BG_Nuclear,2030,9,21,22,0.0
1068,BG_Nuclear,2030,9,23,24,0.0
1069,BG_Nuclear,2030,10,1,2,0.0
1070,BG_Nuclear,2030,10,3,4,0.0
1071,BG_Nuclear,2030,10,5,6,0.0
1072,BG_Nuclear,2030,10,7,8,0.0
1073,BG_Nuclear,2030,10,9,10,0.0
1074,BG_Nuclear,2030,10,11,12,0.0
1075,BG_Nuclear,2030,10,13,14,0.0
1076,BG_Nuclear,2030,10,15,16,0.0
1077,BG_Nuclear,2030,10,17,18,0.0
1078,BG_Nuclear,2030,10,19,20,0.0
1079,BG_Nuclear,2030,10,21,22,0.0
1080,BG_Nuclear,2030,10,23,24,0.0
1081,BG_OCGT,2030,1,1,2,0.0
1082,BG_OCGT,2030,1,3,4,0.0
1083,BG_OCGT,2030,1,5,6,0.0
1084,BG_OCGT,2030,1,7,8,0.0
1085,BG_OCGT,2030,1,9,10,0.0
1086,BG_OCGT,2030,1,11,12,0.0
1087,BG_OCGT,2030,1,13,14,0.0
1088,BG_OCGT,2030,1,15,16,0.0
1089,BG_OCGT,2030,1,17,18,0.0
1090,BG_OCGT,2030,1,19,20,0.0
1091,BG_OCGT,2030,1,21,22,0.0
1092,BG_OCGT,2030,1,23,24,0.0
1093,BG_OCGT,2030,2,1,2,0.0
1094,BG_OCGT,2030,2,3,4,0.0
1095,BG_OCGT,2030,2,5,6,0.0
1096,BG_OCGT,2030,2,7,8,0.0
1097,BG_OCGT,2030,2,9,10,0.0
1098,BG_OCGT,2030,2,11,12,0.0
1099,BG_OCGT,2030,2,13,14,0.0
1100,BG_OCGT,2030,2,15,16,0.0
1101,BG_OCGT,2030,2,17,18,0.0
1102,BG_OCGT,2030,2,19,20,0.0
1103,BG_OCGT,2030,2,21,22,0.0
1104,BG_OCGT,2030,2,23,24,0.0
1105,BG_OCGT,2030,3,1,2,0.0
1106,BG_OCGT,2030,3,3,4,0.0
1107,BG_OCGT,2030,3,5,6,0.0
1108,BG_OCGT,2030,3,7,8,0.0
1109,BG_OCGT,2030,3,9,10,0.0
1110,BG_OCGT,2030,3,11,12,0.0
1111,BG_OCGT,2030,3,13,14,0.0
1112,BG_OCGT,2030,3,15,16,0.0
1113,BG_OCGT,2030,3,17,18,0.0
1114,BG_OCGT,2030,3,19,20,0.0
1115,BG_OCGT,2030,3,21,22,0.0
1116,BG_OCGT,2030,3,23,24,0.0
1117,BG_OCGT,2030,4,1,2,0.0
1118,BG_OCGT,2030,4,3,4,0.0
1119,BG_OCGT,2030,4,5,6,0.0
1120,BG_OCGT,2030,4,7,8,0.0
1121,BG_OCGT,2030,4,9,10,0.0
1122,BG_OCGT,2030,4,11,12,0.0
1123,BG_OCGT,2030,4,13,14,0.0
1124,BG_OCGT,2030,4,15,16,0.0
1125,BG_OCGT,2030,4,17,18,0.0
1126,BG_OCGT,2030,4,19,20,0.0
1127,BG_OCGT,2030,4,21,22,0.0
1128,BG_OCGT,2030,4,23,24,0.0
1129,BG_OCGT,2030,5,1,2,0.0
1130,BG_OCGT,2030,5,3,4,0.0
1131,BG_OCGT,2030,5,5,6,0.0
1132,BG_OCGT,2030,5,7,8,0.0
1133,BG_OCGT,2030,5,9,10,0.0
1134,BG_OCGT,2030,5,11,12,0.0
1135,BG_OCGT,2030,5,13,14,0.0
1136,BG_OCGT,2030,5,15,16,0.0
1137,BG_OCGT,2030,5,17,18,0.0
1138,BG_OCGT,2030,5,19,20,0.0
1139,BG_OCGT,2030,5,21,22,0.0
1140,BG_OCGT,2030,5,23,24,0.0
1141,BG_OCGT,2030,6,1,2,0.0
1142,BG_OCGT,2030,6,3,4,0.0
1143,BG_OCGT,2030,6,5,6,0.0
1144,BG_OCGT,2030,6,7,8,0.0
1145,BG_OCGT,2030,6,9,10,0.0
1146,BG_OCGT,2030,6,11,12,0.0
1147,BG_OCGT,2030,6,13,14,0.0
1148,BG_OCGT,2030,6,15,16,0.0
1149,BG_OCGT,2030,6,17,18,0.0
1150,BG_OCGT,2030,6,19,20,0.0
1151,BG_OCGT,2030,6,21,22,0.0
1152,BG_OCGT,2030,6,23,24,0.0
1153,BG_OCGT,2030,7,1,2,0.0
1154,BG_OCGT,2030,7,3,4,0.0
1155,BG_OCGT,2030,7,5,6,0.0
1156,BG_OCGT,2030,7,7,8,0.0
1157,BG_OCGT,2030,7,9,10,0.0
1158,BG_OCGT,2030,7,11,12,0.0
1159,BG_OCGT,2030,7,13,14,0.0
1160,BG_OCGT,2030,7,15,16,0.0
1161,BG_OCGT,2030,7,17,18,0.0
1162,BG_OCGT,2030,7,19,20,0.0
1163,BG_OCGT,2030,7,21,22,0.0
1164,BG_OCGT,2030,7,23,24,0.0
1165,BG_OCGT,2030,8,1,2,0.0
1166,BG_OCGT,2030,8,3,4,0.0
1167,BG_OCGT,2030,8,5,6,0.0
1168,BG_OCGT,2030,8,7,8,0.0
1169,BG_OCGT,2030,8,9,10,0.0
1170,BG_OCGT,2030,8,11,12,0.0
1171,BG_OCGT,2030,8,13,14,0.0
1172,BG_OCGT,2030,8,15,16,0.0
1173,BG_OCGT,2030,8,17,18,0.0
1174,BG_OCGT,2030,8,19,20,0.0
1175,BG_OCGT,2030,8,21,22,0.0
1176,BG_OCGT,2030,8,23,24,0.0
1177,BG_OCGT,2030,9,1,2,0.0
1178,BG_OCGT,2030,9,3,4,0.0
1179,BG_OCGT,2030,9,5,6,0.0
1180,BG_OCGT,2030,9,7,8,0.0
1181,BG_OCGT,2030,9,9,10,0.0
1182,BG_OCGT,2030,9,11,12,0.0
1183,BG_OCGT,2030,9,13,14,0.0
1184,BG_OCGT,2030,9,15,16,0.0
1185,BG_OCGT,2030,9,17,18,0.0
1186,BG_OCGT,2030,9,19,20,0.0
1187,BG_OCGT,2030,9,21,22,0.0
1188,BG_OCGT,2030,9,23,24,0.0
1189,BG_OCGT,2030,10,1,2,0.0
1190,BG_OCGT,2030,10,3,4,0.0
1191,BG_OCGT,2030,10,5,6,0.0
1192,BG_OCGT,2030,10,7,8,0.0
1193,BG_OCGT,2030,10,9,10,0.0
1194,BG_OCGT,2030,10,11,12,0.0
1195,BG_OCGT,2030,10,13,14,0.0
1196,BG_OCGT,2030,10,15,16,0.0
1197,BG_OCGT,2030,10,17,18,0.0
1198,BG_OCGT,2030,10,19,20,0.0
1199,BG_OCGT,2030,10,21,22,0.0
1200,BG_OCGT,2030,10,23,24,0.0
1201,BG_CCGT,2030,1,1,2,0.0
1202,BG_CCGT,2030,1,3,4,0.0
1203,BG_CCGT,2030,1,5,6,0.0
1204,BG_CCGT,2030,1,7,8,0.0
1205,BG_CCGT,2030,1,9,10,0.0
1206,BG_CCGT,2030,1,11,12,0.0
1207,BG_CCGT,2030,1,13,14,0.0
1208,BG_CCGT,2030,1,15,16,0.0
1209,BG_CCGT,2030,1,17,18,0.0
1210,BG_CCGT,2030,1,19,20,0.0
1211,BG_CCGT,2030,1,21,22,0.0
1212,BG_CCGT,2030,1,23,24,0.0
1213,BG_CCGT,2030,2,1,2,0.0
1214,BG_CCGT,2030,2,3,4,0.0
1215,BG_CCGT,2030,2,5,6,0.0
1216,BG_CCGT,2030,2,7,8,0.0
1217,BG_CCGT,2030,2,9,10,0.0
1218,BG_CCGT,2030,2,11,12,0.0
1219,BG_CCGT,2030,2,13,14,0.0
1220,BG_CCGT,2030,2,15,16,0.0
1221,BG_CCGT,2030,2,17,18,0.0
1222,BG_CCGT,2030,2,19,20,0.0
1223,BG_CCGT,2030,2,21,22,0.0
1224,BG_CCGT,2030,2,23,24,0.0
1225,BG_CCGT,2030,3,1,2,0.0
1226,BG_CCGT,2030,3,3,4,0.0
1227,BG_CCGT,2030,3,5,6,0.0
1228,BG_CCGT,2030,3,7,8,0.0
1229,BG_CCGT,2030,3,9,10,0.0
1230,BG_CCGT,2030,3,11,12,0.0
1231,BG_CCGT,2030,3,13,14,0.0
1232,BG_CCGT,2030,3,15,16,0.0
1233,BG_CCGT,2030,3,17,18,0.0
1234,BG_CCGT,2030,3,19,20,0.0
1235,BG_CCGT,2030,3,21,22,0.0
1236,BG_CCGT,2030,3,23,24,0.0
1237,BG_CCGT,2030,4,1,2,0.0
1238,BG_CCGT,2030,4,3,4,0.0
1239,BG_CCGT,2030,4,5,6,0.0
1240,BG_CCGT,2030,4,7,8,0.0
1241,BG_CCGT,2030,4,9,10,0.0
1242,BG_CCGT,2030,4,11,12,0.0
1243,BG_CCGT,2030,4,13,14,0.0
1244,BG_CCGT,2030,4,15,16,0.0
1245,BG_CCGT,2030,4,17,18,0.0
1246,BG_CCGT,2030,4,19,20,0.0
1247,BG_CCGT,2030,4,21,22,0.0
1248,BG_CCGT,2030,4,23,24,0.0
1249,BG_CCGT,2030,5,1,2,0.0
1250,BG_CCGT,2030,5,3,4,0.0
1251,BG_CCGT,2030,5,5,6,0.0
1252,BG_CCGT,2030,5,7,8,0.0
1253,BG_CCGT,2030,5,9,10,0.0
1254,BG_CCGT,2030,5,11,12,0.0
1255,BG_CCGT,2030,5,13,14,0.0
1256,BG_CCGT,2030,5,15,16,0.0
1257,BG_CCGT,2030,5,17,18,0.0
1258,BG_CCGT,2030,5,19,20,0.0
1259,BG_CCGT,2030,5,21,22,0.0
1260,BG_CCGT,2030,5,23,24,0.0
1261,BG_CCGT,2030,6,1,2,0.0
1262,BG_CCGT,2030,6,3,4,0.0
1263,BG_CCGT,2030,6,5,6,0.0
1264,BG_CCGT,2030,6,7,8,0.0
1265,BG_CCGT,2030,6,9,10,0.0
1266,BG_CCGT,2030,6,11,12,0.0
1267,BG_CCGT,2030,6,13,14,0.0
1268,BG_CCGT,2030,6,15,16,0.0
1269,BG_CCGT,2030,6,17,18,0.0
1270,BG_CCGT,2030,6,19,20,0.0
1271,BG_CCGT,2030,6,21,22,0.0
1272,BG_CCGT,2030,6,23,24,0.0
1273,BG_CCGT,2030,7,1,2,0.0
1274,BG_CCGT,2030,7,3,4,0.0
1275,BG_CCGT,2030,7,5,6,0.0
1276,BG_CCGT,2030,7,7,8,0.0
1277,BG_CCGT,2030,7,9,10,0.0
1278,BG_CCGT,2030,7,11,12,0.0
1279,BG_CCGT,2030,7,13,14,0.0
1280,BG_CCGT,2030,7,15,16,0.0
1281,BG_CCGT,2030,7,17,18,0.0
1282,BG_CCGT,2030,7,19,20,0.0
1283,BG_CCGT,2030,7,21,22,0.0
1284,BG_CCGT,2030,7,23,24,0.0
1285,BG_CCGT,2030,8,1,2,0.0
1286,BG_CCGT,2030,8,3,4,0.0
1287,BG_CCGT,2030,8,5,6,0.0
1288,BG_CCGT,2030,8,7,8,0.0
1289,BG_CCGT,2030,8,9,10,0.0
1290,BG_CCGT,2030,8,11,12,0.0
1291,BG_CCGT,2030,8,13,14,0.0
1292,BG_CCGT,2030,8,15,16,0.0
1293,BG_CCGT,2030,8,17,18,0.0
1294,BG_CCGT,2030,8,19,20,0.0
1295,BG_CCGT,2030,8,21,22,0.0
1296,BG_CCGT,2030,8,23,24,0.0
1297,BG_CCGT,2030,9,1,2,0.0
1298,BG_CCGT,2030,9,3,4,0.0
1299,BG_CCGT,2030,9,5,6,0.0
1300,BG_CCGT,2030,9,7,8,0.0
1301,BG_CCGT,2030,9,9,10,0.0
1302,BG_CCGT,2030,9,11,12,0.0
1303,BG_CCGT,2030,9,13,14,0.0
1304,BG_CCGT,2030,9,15,16,0.0
1305,BG_CCGT,2030,9,17,18,0.0
1306,BG_CCGT,2030,9,19,20,0.0
1307,BG_CCGT,2030,9,21,22,0.0
1308,BG_CCGT,2030,9,23,24,0.0
1309,BG_CCGT,2030,10,1,2,0.0
1310,BG_CCGT,2030,10,3,4,0.0
1311,BG_CCGT,2030,10,5,6,0.0
1312,BG_CCGT,2030,10,7,8,0.0
1313,BG_CCGT,2030,10,9,10,0.0
1314,BG_CCGT,2030,10,11,12,0.0
1315,BG_CCGT,2030,10,13,14,0.0
1316,BG_CCGT,2030,10,15,16,0.0
1317,BG_CCGT,2030,10,17,18,0.0
1318,BG_CCGT,2030,10,19,20,0.0
1319,BG_CCGT,2030,10,21,22,0.0
1320,BG_CCGT,2030,10,23,24,0.0
1321,BG_Coal,2030,1,1,2,0.0
1322,BG_Coal,2030,1,3,4,0.0
1323,BG_Coal,2030,1,5,6,0.0
1324,BG_Coal,2030,1,7,8,0.0
1325,BG_Coal,2030,1,9,10,0.0
1326,BG_Coal,2030,1,11,12,0.0
1327,BG_Coal,2030,1,13,14,0.0
1328,BG_Coal,2030,1,15,16,0.0
1329,BG_Coal,2030,1,17,18,0.0
1330,BG_Coal,2030,1,19,20,0.0
1331,BG_Coal,2030,1,21,22,0.0
1332,BG_Coal,2030,1,23,24,0.0
1333,BG_Coal,2030,2,1,2,0.0
1334,BG_Coal,2030,2,3,4,0.0
1335,BG_Coal,2030,2,5,6,0.0
1336,BG_Coal,2030,2,7,8,0.0
1337,BG_Coal,2030,2,9,10,0.0
1338,BG_Coal,2030,2,11,12,0.0
1339,BG_Coal,2030,2,13,14,0.0
1340,BG_Coal,2030,2,15,16,0.0
1341,BG_Coal,2030,2,17,18,0.0
1342,BG_Coal,2030,2,19,20,0.0
1343,BG_Coal,2030,2,21,22,0.0
1344,BG_Coal,2030,2,23,24,0.0
1345,BG_Coal,2030,3,1,2,0.0
1346,BG_Coal,2030,3,3,4,0.0
1347,BG_Coal,2030,3,5,6,0.0
1348,BG_Coal,2030,3,7,8,0.0
1349,BG_Coal,2030,3,9,10,0.0
1350,BG_Coal,2030,3,11,12,0.0
1351,BG_Coal,2030,3,13,14,0.0
1352,BG_Coal,2030,3,15,16,0.0
1353,BG_Coal,2030,3,17,18,0.0
1354,BG_Coal,2030,3,19,20,0.0
1355,BG_Coal,2030,3,21,22,0.0
1356,BG_Coal,2030,3,23,24,0.0
1357,BG_Coal,2030,4,1,2,0.0
1358,BG_Coal,2030,4,3,4,0.0
1359,BG_Coal,2030,4,5,6,0.0
1360,BG_Coal,2030,4,7,8,0.0
1361,BG_Coal,2030,4,9,10,0.0
1362,BG_Coal,2030,4,11,12,0.0
1363,BG_Coal,2030,4,13,14,0.0
1364,BG_Coal,2030,4,15,16,0.0
1365,BG_Coal,2030,4,17,18,-18.45109711699901
1366,BG_Coal,2030,4,19,20,0.0
1367,BG_Coal,2030,4,21,22,0.0
1368,BG_Coal,2030,4,23,24,0.0
1369,BG_Coal,2030,5,1,2,0.0
1370,BG_Coal,2030,5,3,4,0.0
1371,BG_Coal,2030,5,5,6,0.0
1372,BG_Coal,2030,5,7,8,0.0
1373,BG_Coal,2030,5,9,10,0.0
1374,BG_Coal,2030,5,11,12,0.0
1375,BG_Coal,2030,5,13,14,0.0
1376,BG_Coal,2030,5,15,16,0.0
1377,BG_Coal,2030,5,17,18,0.0
1378,BG_Coal,2030,5,19,20,0.0
1379,BG_Coal,2030,5,21,22,0.0
1380,BG_Coal,2030,5,23,24,0.0
1381,BG_Coal,2030,6,1,2,0.0
1382,BG_Coal,2030,6,3,4,0.0
1383,BG_Coal,2030,6,5,6,0.0
1384,BG_Coal,2030,6,7,8,0.0
1385,BG_Coal,2030,6,9,10,0.0
1386,BG_Coal,2030,6,11,12,0.0
1387,BG_Coal,2030,6,13,14,0.0
1388,BG_Coal,2030,6,15,16,0.0
1389,BG_Coal,2030,6,17,18,0.0
1390,BG_Coal,2030,6,19,20,0.0
1391,BG_Coal,2030,6,21,22,0.0
1392,BG_Coal,2030,6,23,24,0.0
1393,BG_Coal,2030,7,1,2,0.0
1394,BG_Coal,2030,7,3,4,0.0
1395,BG_Coal,2030,7,5,6,0.0
1396,BG_Coal,2030,7,7,8,0.0
1397,BG_Coal,2030,7,9,10,0.0
1398,BG_Coal,2030,7,11,12,0.0
1399,BG_Coal,2030,7,13,14,0.0
1400,BG_Coal,2030,7,15,16,0.0
1401,BG_Coal,2030,7,17,18,0.0
1402,BG_Coal,2030,7,19,20,0.0
1403,BG_Coal,2030,7,21,22,0.0
1404,BG_Coal,2030,7,23,24,0.0
1405,BG_Coal,2030,8,1,2,0.0
1406,BG_Coal,2030,8,3,4,0.0
1407,BG_Coal,2030,8,5,6,0.0
1408,BG_Coal,2030,8,7,8,0.0
1409,BG_Coal,2030,8,9,10,0.0
1410,BG_Coal,2030,8,11,12,0.0
1411,BG_Coal,2030,8,13,14,0.0
1412,BG_Coal,2030,8,15,16,0.0
1413,BG_Coal,2030,8,17,18,0.0
1414,BG_Coal,2030,8,19,20,0.0
1415,BG_Coal,2030,8,21,22,0.0
1416,BG_Coal,2030,8,23,24,0.0
1417,BG_Coal,2030,9,1,2,0.0
1418,BG_Coal,2030,9,3,4,0.0
1419,BG_Coal,2030,9,5,6,0.0
1420,BG_Coal,2030,9,7,8,0.0
1421,BG_Coal,2030,9,9,10,0.0
1422,BG_Coal,2030,9,11,12,0.0
1423,BG_Coal,2030,9,13,14,0.0
1424,BG_Coal,2030,9,15,16,0.0
1425,BG_Coal,2030,9,17,18,0.0
1426,BG_Coal,2030,9,19,20,0.0
1427,BG_Coal,2030,9,21,22,0.0
1428,BG_Coal,2030,9,23,24,0.0
1429,BG_Coal,2030,10,1,2,0.0
1430,BG_Coal,2030,10,3,4,0.0
1431,BG_Coal,2030,10,5,6,0.0
1432,BG_Coal,2030,10,7,8,0.0
1433,BG_Coal,2030,10,9,10,0.0
1434,BG_Coal,2030,10,11,12,0.0
1435,BG_Coal,2030,10,13,14,0.0
1436,BG_Coal,2030,10,15,16,0.0
1437,BG_Coal,2030,10,17,18,0.0
1438,BG_Coal,2030,10,19,20,0.0
1439,BG_Coal,2030,10,21,22,0.0
1440,BG_Coal,2030,10,23,24,0.0
1441,CH_CCGT,2030,1,1,2,0.0
1442,CH_CCGT,2030,1,3,4,0.0
1443,CH_CCGT,2030,1,5,6,0.0
1444,CH_CCGT,2030,1,7,8,0.0
1445,CH_CCGT,2030,1,9,10,0.0
1446,CH_CCGT,2030,1,11,12,0.0
1447,CH_CCGT,2030,1,13,14,0.0
1448,CH_CCGT,2030,1,15,16,0.0
1449,CH_CCGT,2030,1,17,18,0.0
1450,CH_CCGT,2030,1,19,20,0.0
1451,CH_CCGT,2030,1,21,22,0.0
1452,CH_CCGT,2030,1,23,24,0.0
1453,CH_CCGT,2030,2,1,2,0.0
1454,CH_CCGT,2030,2,3,4,0.0
1455,CH_CCGT,2030,2,5,6,0.0
1456,CH_CCGT,2030,2,7,8,0.0
1457,CH_CCGT,2030,2,9,10,0.0
1458,CH_CCGT,2030,2,11,12,0.0
1459,CH_CCGT,2030,2,13,14,0.0
1460,CH_CCGT,2030,2,15,16,0.0
1461,CH_CCGT,2030,2,17,18,0.0
1462,CH_CCGT,2030,2,19,20,0.0
1463,CH_CCGT,2030,2,21,22,0.0
1464,CH_CCGT,2030,2,23,24,0.0
1465,CH_CCGT,2030,3,1,2,0.0
1466,CH_CCGT,2030,3,3,4,0.0
1467,CH_CCGT,2030,3,5,6,0.0
1468,CH_CCGT,2030,3,7,8,0.0
1469,CH_CCGT,2030,3,9,10,0.0
1470,CH_CCGT,2030,3,11,12,0.0
1471,CH_CCGT,2030,3,13,14,0.0
1472,CH_CCGT,2030,3,15,16,0.0
1473,CH_CCGT,2030,3,17,18,0.0
1474,CH_CCGT,2030,3,19,20,0.0
1475,CH_CCGT,2030,3,21,22,0.0
1476,CH_CCGT,2030,3,23,24,0.0
1477,CH_CCGT,2030,4,1,2,0.0
1478,CH_CCGT,2030,4,3,4,0.0
1479,CH_CCGT,2030,4,5,6,0.0
1480,CH_CCGT,2030,4,7,8,0.0
1481,CH_CCGT,2030,4,9,10,0.0
1482,CH_CCGT,2030,4,11,12,0.0
1483,CH_CCGT,2030,4,13,14,0.0
1484,CH_CCGT,2030,4,15,16,0.0
1485,CH_CCGT,2030,4,17,18,0.0
1486,CH_CCGT,2030,4,19,20,0.0
1487,CH_CCGT,2030,4,21,22,0.0
1488,CH_CCGT,2030,4,23,24,0.0
1489,CH_CCGT,2030,5,1,2,0.0
1490,CH_CCGT,2030,5,3,4,0.0
1491,CH_CCGT,2030,5,5,6,0.0
1492,CH_CCGT,2030,5,7,8,0.0
1493,CH_CCGT,2030,5,9,10,0.0
1494,CH_CCGT,2030,5,11,12,0.0
1495,CH_CCGT,2030,5,13,14,0.0
1496,CH_CCGT,2030,5,15,16,0.0
1497,CH_CCGT,2030,5,17,18,0.0
1498,CH_CCGT,2030,5,19,20,0.0
1499,CH_CCGT,2030,5,21,22,0.0
1500,CH_CCGT,2030,5,23,24,0.0
1501,CH_CCGT,2030,6,1,2,0.0
1502,CH_CCGT,2030,6,3,4,0.0
1503,CH_CCGT,2030,6,5,6,0.0
1504,CH_CCGT,2030,6,7,8,0.0
1505,CH_CCGT,2030,6,9,10,0.0
1506,CH_CCGT,2030,6,11,12,0.0
1507,CH_CCGT,2030,6,13,14,0.0
1508,CH_CCGT,2030,6,15,16,0.0
1509,CH_CCGT,2030,6,17,18,0.0
1510,CH_CCGT,2030,6,19,20,0.0
1511,CH_CCGT,2030,6,21,22,0.0
1512,CH_CCGT,2030,6,23,24,0.0
1513,CH_CCGT,2030,7,1,2,0.0
1514,CH_CCGT,2030,7,3,4,0.0
1515,CH_CCGT,2030,7,5,6,0.0
1516,CH_CCGT,2030,7,7,8,0.0
1517,CH_CCGT,2030,7,9,10,0.0
1518,CH_CCGT,2030,7,11,12,0.0
1519,CH_CCGT,2030,7,13,14,0.0
1520,CH_CCGT,2030,7,15,16,0.0
1521,CH_CCGT,2030,7,17,18,0.0
1522,CH_CCGT,2030,7,19,20,0.0
1523,CH_CCGT,2030,7,21,22,0.0
1524,CH_CCGT,2030,7,23,24,0.0
1525,CH_CCGT,2030,8,1,2,0.0
1526,CH_CCGT,2030,8,3,4,0.0
1527,CH_CCGT,2030,8,5,6,0.0
1528,CH_CCGT,2030,8,7,8,0.0
1529,CH_CCGT,2030,8,9,10,0.0
1530,CH_CCGT,2030,8,11,12,0.0
1531,CH_CCGT,2030,8,13,14,0.0
1532,CH_CCGT,2030,8,15,16,0.0
1533,CH_CCGT,2030,8,17,18,0.0
1534,CH_CCGT,2030,8,19,20,0.0
1535,CH_CCGT,2030,8,21,22,0.0
1536,CH_CCGT,2030,8,23,24,0.0
1537,CH_CCGT,2030,9,1,2,0.0
1538,CH_CCGT,2030,9,3,4,0.0
1539,CH_CCGT,2030,9,5,6,0.0
1540,CH_CCGT,2030,9,7,8,0.0
1541,CH_CCGT,2030,9,9,10,0.0
1542,CH_CCGT,2030,9,11,12,0.0
1543,CH_CCGT,2030,9,13,14,0.0
1544,CH_CCGT,2030,9,15,16,0.0
1545,CH_CCGT,2030,9,17,18,0.0
1546,CH_CCGT,2030,9,19,20,0.0
1547,CH_CCGT,2030,9,21,22,0.0
1548,CH_CCGT,2030,9,23,24,0.0
1549,CH_CCGT,2030,10,1,2,0.0
1550,CH_CCGT,2030,10,3,4,0.0
1551,CH_CCGT,2030,10,5,6,0.0
1552,CH_CCGT,2030,10,7,8,0.0
1553,CH_CCGT,2030,10,9,10,0.0
1554,CH_CCGT,2030,10,11,12,0.0
1555,CH_CCGT,2030,10,13,14,0.0
1556,CH_CCGT,2030,10,15,16,0.0
1557,CH_CCGT,2030,10,17,18,0.0
1558,CH_CCGT,2030,10,19,20,0.0
1559,CH_CCGT,2030,10,21,22,0.0
1560,CH_CCGT,2030,10,23,24,0.0
1561,CH_Coal,2030,1,1,2,0.0
1562,CH_Coal,2030,1,3,4,0.0
1563,CH_Coal,2030,1,5,6,0.0
1564,CH_Coal,2030,1,7,8,0.0
1565,CH_Coal,2030,1,9,10,0.0
1566,CH_Coal,2030,1,11,12,0.0
1567,CH_Coal,2030,1,13,14,-1.6218000000000001
1568,CH_Coal,2030,1,15,16,0.0
1569,CH_Coal,2030,1,17,18,0.0
1570,CH_Coal,2030,1,19,20,0.0
1571,CH_Coal,2030,1,21,22,0.0
1572,CH_Coal,2030,1,23,24,0.0
1573,CH_Coal,2030,2,1,2,0.0
1574,CH_Coal,2030,2,3,4,0.0
1575,CH_Coal,2030,2,5,6,0.0
1576,CH_Coal,2030,2,7,8,0.0
1577,CH_Coal,2030,2,9,10,0.0
1578,CH_Coal,2030,2,11,12,0.0
1579,CH_Coal,2030,2,13,14,0.0
1580,CH_Coal,2030,2,15,16,0.0
1581,CH_Coal,2030,2,17,18,0.0
1582,CH_Coal,2030,2,19,20,0.0
1583,CH_Coal,2030,2,21,22,0.0
1584,CH_Coal,2030,2,23,24,0.0
1585,CH_Coal,2030,3,1,2,0.0
1586,CH_Coal,2030,3,3,4,0.0
1587,CH_Coal,2030,3,5,6,0.0
1588,CH_Coal,2030,3,7,8,0.0
1589,CH_Coal,2030,3,9,10,0.0
1590,CH_Coal,2030,3,11,12,-0.8874000000000002
1591,CH_Coal,2030,3,13,14,0.0
1592,CH_Coal,2030,3,15,16,0.0
1593,CH_Coal,2030,3,17,18,0.0
1594,CH_Coal,2030,3,19,20,0.0
1595,CH_Coal,2030,3,21,22,0.0
1596,CH_Coal,2030,3,23,24,0.0
1597,CH_Coal,2030,4,1,2,0.0
1598,CH_Coal,2030,4,3,4,0.0
1599,CH_Coal,2030,4,5,6,0.0
1600,CH_Coal,2030,4,7,8,0.0
1601,CH_Coal,2030,4,9,10,0.0
1602,CH_Coal,2030,4,11,12,0.0
1603,CH_Coal,2030,4,13,14,0.0
1604,CH_Coal,2030,4,15,16,0.0
1605,CH_Coal,2030,4,17,18,0.0
1606,CH_Coal,2030,4,19,20,0.0
1607,CH_Coal,2030,4,21,22,0.0
1608,CH_Coal,2030,4,23,24,0.0
1609,CH_Coal,2030,5,1,2,0.0
1610,CH_Coal,2030,5,3,4,0.0
1611,CH_Coal,2030,5,5,6,0.0
1612,CH_Coal,2030,5,7,8,0.0
1613,CH_Coal,2030,5,9,10,0.0
1614,CH_Coal,2030,5,11,12,0.0
1615,CH_Coal,2030,5,13,14,0.0
1616,CH_Coal,2030,5,15,16,0.0
1617,CH_Coal,2030,5,17,18,0.0
1618,CH_Coal,2030,5,19,20,0.0
1619,CH_Coal,2030,5,21,22,0.0
1620,CH_Coal,2030,5,23,24,0.0
1621,CH_Coal,2030,6,1,2,0.0
1622,CH_Coal,2030,6,3,4,0.0
1623,CH_Coal,2030,6,5,6,0.0
1624,CH_Coal,2030,6,7,8,0.0
1625,CH_Coal,2030,6,9,10,0.0
1626,CH_Coal,2030,6,11,12,0.0
1627,CH_Coal,2030,6,13,14,0.0
1628,CH_Coal,2030,6,15,16,0.0
1629,CH_Coal,2030,6,17,18,0.0
1630,CH_Coal,2030,6,19,20,0.0
1631,CH_Coal,2030,6,21,22,0.0
1632,CH_Coal,2030,6,23,24,0.0
1633,CH_Coal,2030,7,1,2,0.0
1634,CH_Coal,2030,7,3,4,0.0
1635,CH_Coal,2030,7,5,6,0.0
1636,CH_Coal,2030,7,7,8,0.0
1637,CH_Coal,2030,7,9,10,0.0
1638,CH_Coal,2030,7,11,12,0.0
1639,CH_Coal,2030,7,13,14,0.0
1640,CH_Coal,2030,7,15,16,0.0
1641,CH_Coal,2030,7,17,18,0.0
1642,CH_Coal,2030,7,19,20,0.0
1643,CH_Coal,2030,7,21,22,0.0
1644,CH_Coal,2030,7,23,24,0.0
1645,CH_Coal,2030,8,1,2,0.0
1646,CH_Coal,2030,8,3,4,0.0
1647,CH_Coal,2030,8,5,6,0.0
1648,CH_Coal,2030,8,7,8,0.0
1649,CH_Coal,2030,8,9,10,0.0
1650,CH_Coal,2030,8,11,12,0.0
1651,CH_Coal,2030,8,13,14,0.0
1652,CH_Coal,2030,8,15,16,0.0
1653,CH_Coal,2030,8,17,18,0.0
1654,CH_Coal,2030,8,19,20,0.0
1655,CH_Coal,2030,8,21,22,0.0
1656,CH_Coal,2030,8,23,24,0.0
1657,CH_Coal,2030,9,1,2,0.0
1658,CH_Coal,2030,9,3,4,0.0
1659,CH_Coal,2030,9,5,6,0.0
1660,CH_Coal,2030,9,7,8,0.0
1661,CH_Coal,2030,9,9,10,0.0
1662,CH_Coal,2030,9,11,12,0.0
1663,CH_Coal,2030,9,13,14,0.0
1664,CH_Coal,2030,9,15,16,0.0
1665,CH_Coal,2030,9,17,18,0.0
1666,CH_Coal,2030,9,19,20,0.0
1667,CH_Coal,2030,9,21,22,0.0
1668,CH_Coal,2030,9,23,24,0.0
1669,CH_Coal,2030,10,1,2,0.0
1670,CH_Coal,2030,10,3,4,0.0
1671,CH_Coal,2030,10,5,6,0.0
1672,CH_Coal,2030,10,7,8,0.0
1673,CH_Coal,2030,10,9,10,0.0
1674,CH_Coal,2030,10,11,12,0.0
1675,CH_Coal,2030,10,13,14,0.0
1676,CH_Coal,2030,10,15,16,0.0
1677,CH_Coal,2030,10,17,18,0.0
1678,CH_Coal,2030,10,19,20,0.0
1679,CH_Coal,2030,10,21,22,0.0
1680,CH_Coal,2030,10,23,24,0.0
1681,CH_Nuclear,2030,1,1,2,0.0
1682,CH_Nuclear,2030,1,3,4,0.0
1683,CH_Nuclear,2030,1,5,6,0.0
1684,CH_Nuclear,2030,1,7,8,0.0
1685,CH_Nuclear,2030,1,9,10,0.0
1686,CH_Nuclear,2030,1,11,12,0.0
1687,CH_Nuclear,2030,1,13,14,0.0
1688,CH_Nuclear,2030,1,15,16,0.0
1689,CH_Nuclear,2030,1,17,18,0.0
1690,CH_Nuclear,2030,1,19,20,0.0
1691,CH_Nuclear,2030,1,21,22,0.0
1692,CH_Nuclear,2030,1,23,24,0.0
1693,CH_Nuclear,2030,2,1,2,0.0
1694,CH_Nuclear,2030,2,3,4,0.0
1695,CH_Nuclear,2030,2,5,6,0.0
1696,CH_Nuclear,2030,2,7,8,0.0
1697,CH_Nuclear,2030,2,9,10,0.0
1698,CH_Nuclear,2030,2,11,12,0.0
1699,CH_Nuclear,2030,2,13,14,0.0
1700,CH_Nuclear,2030,2,15,16,0.0
1701,CH_Nuclear,2030,2,17,18,0.0
1702,CH_Nuclear,2030,2,19,20,0.0
1703,CH_Nuclear,2030,2,21,22,0.0
1704,CH_Nuclear,2030,2,23,24,0.0
1705,CH_Nuclear,2030,3,1,2,0.0
1706,CH_Nuclear,2030,3,3,4,0.0
1707,CH_Nuclear,2030,3,5,6,0.0
1708,CH_Nuclear,2030,3,7,8,0.0
1709,CH_Nuclear,2030,3,9,10,0.0
1710,CH_Nuclear,2030,3,11,12,0.0
1711,CH_Nuclear,2030,3,13,14,0.0
1712,CH_Nuclear,2030,3,15,16,0.0
1713,CH_Nuclear,2030,3,17,18,0.0
1714,CH_Nuclear,2030,3,19,20,0.0
1715,CH_Nuclear,2030,3,21,22,0.0
1716,CH_Nuclear,2030,3,23,24,0.0
1717,CH_Nuclear,2030,4,1,2,0.0
1718,CH_Nuclear,2030,4,3,4,0.0
1719,CH_Nuclear,2030,4,5,6,0.0
1720,CH_Nuclear,2030,4,7,8,0.0
1721,CH_Nuclear,2030,4,9,10,0.0
1722,CH_Nuclear,2030,4,11,12,0.0
1723,CH_Nuclear,2030,4,13,14,0.0
1724,CH_Nuclear,2030,4,15,16,0.0
1725,CH_Nuclear,2030,4,17,18,0.0
1726,CH_Nuclear,2030,4,19,20,0.0
1727,CH_Nuclear,2030,4,21,22,0.0
1728,CH_Nuclear,2030,4,23,24,0.0
1729,CH_Nuclear,2030,5,1,2,0.0
1730,CH_Nuclear,2030,5,3,4,0.0
1731,CH_Nuclear,2030,5,5,6,0.0
1732,CH_Nuclear,2030,5,7,8,0.0
1733,CH_Nuclear,2030,5,9,10,0.0
1734,CH_Nuclear,2030,5,11,12,0.0
1735,CH_Nuclear,2030,5,13,14,0.0
1736,CH_Nuclear,2030,5,15,16,0.0
1737,CH_Nuclear,2030,5,17,18,0.0
1738,CH_Nuclear,2030,5,19,20,0.0
1739,CH_Nuclear,2030,5,21,22,0.0
1740,CH_Nuclear,2030,5,23,24,0.0
1741,CH_Nuclear,2030,6,1,2,0.0
1742,CH_Nuclear,2030,6,3,4,0.0
1743,CH_Nuclear,2030,6,5,6,0.0
1744,CH_Nuclear,2030,6,7,8,0.0
1745,CH_Nuclear,2030,6,9,10,0.0
1746,CH_Nuclear,2030,6,11,12,0.0
1747,CH_Nuclear,2030,6,13,14,0.0
1748,CH_Nuclear,2030,6,15,16,0.0
1749,CH_Nuclear,2030,6,17,18,0.0
1750,CH_Nuclear,2030,6,19,20,0.0
1751,CH_Nuclear,2030,6,21,22,0.0
1752,CH_Nuclear,2030,6,23,24,0.0
1753,CH_Nuclear,2030,7,1,2,0.0
1754,CH_Nuclear,2030,7,3,4,0.0
1755,CH_Nuclear,2030,7,5,6,0.0
1756,CH_Nuclear,2030,7,7,8,0.0
1757,CH_Nuclear,2030,7,9,10,0.0
1758,CH_Nuclear,2030,7,11,12,0.0
1759,CH_Nuclear,2030,7,13,14,0.0
1760,CH_Nuclear,2030,7,15,16,0.0
1761,CH_Nuclear,2030,7,17,18,0.0
1762,CH_Nuclear,2030,7,19,20,0.0
1763,CH_Nuclear,2030,7,21,22,0.0
1764,CH_Nuclear,2030,7,23,24,0.0
1765,CH_Nuclear,2030,8,1,2,0.0
1766,CH_Nuclear,2030,8,3,4,0.0
1767,CH_Nuclear,2030,8,5,6,0.0
1768,CH_Nuclear,2030,8,7,8,0.0
1769,CH_Nuclear,2030,8,9,10,0.0
1770,CH_Nuclear,2030,8,11,12,0.0
1771,CH_Nuclear,2030,8,13,14,0.0
1772,CH_Nuclear,2030,8,15,16,0.0
1773,CH_Nuclear,2030,8,17,18,0.0
1774,CH_Nuclear,2030,8,19,20,0.0
1775,CH_Nuclear,2030,8,21,22,0.0
1776,CH_Nuclear,2030,8,23,24,0.0
1777,CH_Nuclear,2030,9,1,2,0.0
1778,CH_Nuclear,2030,9,3,4,0.0
1779,CH_Nuclear,2030,9,5,6,0.0
1780,CH_Nuclear,2030,9,7,8,0.0
1781,CH_Nuclear,2030,9,9,10,0.0
1782,CH_Nuclear,2030,9,11,12,0.0
1783,CH_Nuclear,2030,9,13,14,0.0
1784,CH_Nuclear,2030,9,15,16,0.0
1785,CH_Nuclear,2030,9,17,18,0.0
1786,CH_Nuclear,2030,9,19,20,0.0
1787,CH_Nuclear,2030,9,21,22,0.0
1788,CH_Nuclear,2030,9,23,24,0.0
1789,CH_Nuclear,2030,10,1,2,0.0
1790,CH_Nuclear,2030,10,3,4,0.0
1791,CH_Nuclear,2030,10,5,6,0.0
1792,CH_Nuclear,2030,10,7,8,0.0
1793,CH_Nuclear,2030,10,9,10,0.0
1794,CH_Nuclear,2030,10,11,12,0.0
1795,CH_Nuclear,2030,10,13,14,0.0
1796,CH_Nuclear,2030,10,15,16,0.0
1797,CH_Nuclear,2030,10,17,18,0.0
1798,CH_Nuclear,2030,10,19,20,0.0
1799,CH_Nuclear,2030,10,21,22,0.0
1800,CH_Nuclear,2030,10,23,24,0.0
1801,CH_OCGT,2030,1,1,2,0.0
1802,CH_OCGT,2030,1,3,4,0.0
1803,CH_OCGT,2030,1,5,6,0.0
1804,CH_OCGT,2030,1,7,8,0.0
1805,CH_OCGT,2030,1,9,10,0.0
1806,CH_OCGT,2030,1,11,12,0.0
1807,CH_OCGT,2030,1,13,14,0.0
1808,CH_OCGT,2030,1,15,16,0.0
1809,CH_OCGT,2030,1,17,18,0.0
1810,CH_OCGT,2030,1,19,20,0.0
1811,CH_OCGT,2030,1,21,22,0.0
1812,CH_OCGT,2030,1,23,24,0.0
1813,CH_OCGT,2030,2,1,2,0.0
1814,CH_OCGT,2030,2,3,4,0.0
1815,CH_OCGT,2030,2,5,6,0.0
1816,CH_OCGT,2030,2,7,8,0.0
1817,CH_OCGT,2030,2,9,10,0.0
1818,CH_OCGT,2030,2,11,12,0.0
1819,CH_OCGT,2030,2,13,14,0.0
1820,CH_OCGT,2030,2,15,16,0.0
1821,CH_OCGT,2030,2,17,18,0.0
1822,CH_OCGT,2030,2,19,20,0.0
1823,CH_OCGT,2030,2,21,22,0.0
1824,CH_OCGT,2030,2,23,24,0.0
1825,CH_OCGT,2030,3,1,2,0.0
1826,CH_OCGT,2030,3,3,4,0.0
1827,CH_OCGT,2030,3,5,6,0.0
1828,CH_OCGT,2030,3,7,8,0.0
1829,CH_OCGT,2030,3,9,10,0.0
1830,CH_OCGT,2030,3,11,12,0.0
1831,CH_OCGT,2030,3,13,14,0.0
1832,CH_OCGT,2030,3,15,16,0.0
1833,CH_OCGT,2030,3,17,18,0.0
1834,CH_OCGT,2030,3,19,20,0.0
1835,CH_OCGT,2030,3,21,22,0.0
1836,CH_OCGT,2030,3,23,24,0.0
1837,CH_OCGT,2030,4,1,2,0.0
1838,CH_OCGT,2030,4,3,4,0.0
1839,CH_OCGT,2030,4,5,6,0.0
1840,CH_OCGT,2030,4,7,8,0.0
1841,CH_OCGT,2030,4,9,10,0.0
1842,CH_OCGT,2030,4,11,12,0.0
1843,CH_OCGT,2030,4,13,14,0.0
1844,CH_OCGT,2030,4,15,16,0.0
1845,CH_OCGT,2030,4,17,18,0.0
1846,CH_OCGT,2030,4,19,20,-12.01609711699901
1847,CH_OCGT,2030,4,21,22,0.0
1848,CH_OCGT,2030,4,23,24,0.0
1849,CH_OCGT,2030,5,1,2,0.0
1850,CH_OCGT,2030,5,3,4,0.0
1851,CH_OCGT,2030,5,5,6,0.0
1852,CH_OCGT,2030,5,7,8,0.0
1853,CH_OCGT,2030,5,9,10,0.0
1854,CH_OCGT,2030,5,11,12,0.0
1855,CH_OCGT,2030,5,13,14,0.0
1856,CH_OCGT,2030,5,15,16,0.0
1857,CH_OCGT,2030,5,17,18,0.0
1858,CH_OCGT,2030,5,19,20,0.0
1859,CH_OCGT,2030,5,21,22,0.0
1860,CH_OCGT,2030,5,23,24,0.0
1861,CH_OCGT,2030,6,1,2,0.0
1862,CH_OCGT,2030,6,3,4,0.0
1863,CH_OCGT,2030,6,5,6,0.0
1864,CH_OCGT,2030,6,7,8,0.0
1865,CH_OCGT,2030,6,9,10,0.0
1866,CH_OCGT,2030,6,11,12,0.0
1867,CH_OCGT,2030,6,13,14,0.0
1868,CH_OCGT,2030,6,15,16,0.0
1869,CH_OCGT,2030,6,17,18,0.0
1870,CH_OCGT,2030,6,19,20,0.0
1871,CH_OCGT,2030,6,21,22,0.0
1872,CH_OCGT,2030,6,23,24,0.0
1873,CH_OCGT,2030,7,1,2,0.0
1874,CH_OCGT,2030,7,3,4,0.0
1875,CH_OCGT,2030,7,5,6,0.0
1876,CH_OCGT,2030,7,7,8,0.0
1877,CH_OCGT,2030,7,9,10,0.0
1878,CH_OCGT,2030,7,11,12,0.0
1879,CH_OCGT,2030,7,13,14,0.0
1880,CH_OCGT,2030,7,15,16,0.0
1881,CH_OCGT,2030,7,17,18,0.0
1882,CH_OCGT,2030,7,19,20,0.0
1883,CH_OCGT,2030,7,21,22,0.0
1884,CH_OCGT,2030,7,23,24,0.0
1885,CH_OCGT,2030,8,1,2,0.0
1886,CH_OCGT,2030,8,3,4,0.0
1887,CH_OCGT,2030,8,5,6,0.0
1888,CH_OCGT,2030,8,7,8,0.0
1889,CH_OCGT,2030,8,9,10,0.0
1890,CH_OCGT,2030,8,11,12,0.0
1891,CH_OCGT,2030,8,13,14,0.0
1892,CH_OCGT,2030,8,15,16,0.0
1893,CH_OCGT,2030,8,17,18,0.0
1894,CH_OCGT,2030,8,19,20,0.0
1895,CH_OCGT,2030,8,21,22,0.0
1896,CH_OCGT,2030,8,23,24,0.0
1897,CH_OCGT,2030,9,1,2,0.0
1898,CH_OCGT,2030,9,3,4,0.0
1899,CH_OCGT,2030,9,5,6,0.0
1900,CH_OCGT,2030,9,7,8,0.0
1901,CH_OCGT,2030,9,9,10,0.0
1902,CH_OCGT,2030,9,11,12,0.0
1903,CH_OCGT,2030,9,13,14,0.0
1904,CH_OCGT,2030,9,15,16,0.0
1905,CH_OCGT,2030,9,17,18,0.0
1906,CH_OCGT,2030,9,19,20,0.0
1907,CH_OCGT,2030,9,21,22,0.0
1908,CH_OCGT,2030,9,23,24,0.0
1909,CH_OCGT,2030,10,1,2,0.0
1910,CH_OCGT,2030,10,3,4,0.0
1911,CH_OCGT,2030,10,5,6,0.0
1912,CH_OCGT,2030,10,7,8,0.0
1913,CH_OCGT,2030,10,9,10,0.0
1914,CH_OCGT,2030,10,11,12,0.0
1915,CH_OCGT,2030,10,13,14,0.0
1916,CH_OCGT,2030,10,15,16,0.0
1917,CH_OCGT,2030,10,17,18,0.0
1918,CH_OCGT,2030,10,19,20,0.0
1919,CH_OCGT,2030,10,21,22,0.0
1920,CH_OCGT,2030,10,23,24,0.0
1921,CY_CCGT,2030,1,1,2,0.0
1922,CY_CCGT,2030,1,3,4,0.0
1923,CY_CCGT,2030,1,5,6,0.0
1924,CY_CCGT,2030,1,7,8,0.0
1925,CY_CCGT,2030,1,9,10,0.0
1926,CY_CCGT,2030,1,11,12,0.0
1927,CY_CCGT,2030,1,13,14,0.0
1928,CY_CCGT,2030,1,15,16,0.0
1929,CY_CCGT,2030,1,17,18,0.0
1930,CY_CCGT,2030,1,19,20,0.0
1931,CY_CCGT,2030,1,21,22,0.0
1932,CY_CCGT,2030,1,23,24,0.0
1933,CY_CCGT,2030,2,1,2,0.0
1934,CY_CCGT,2030,2,3,4,0.0
1935,CY_CCGT,2030,2,5,6,0.0
1936,CY_CCGT,2030,2,7,8,0.0
1937,CY_CCGT,2030,2,9,10,0.0
1938,CY_CCGT,2030,2,11,12,0.0
1939,CY_CCGT,2030,2,13,14,0.0
1940,CY_CCGT,2030,2,15,16,0.0
1941,CY_CCGT,2030,2,17,18,0.0
1942,CY_CCGT,2030,2,19,20,0.0
1943,CY_CCGT,2030,2,21,22,0.0
1944,CY_CCGT,2030,2,23,24,0.0
1945,CY_CCGT,2030,3,1,2,0.0
1946,CY_CCGT,2030,3,3,4,0.0
1947,CY_CCGT,2030,3,5,6,0.0
1948,CY_CCGT,2030,3,7,8,0.0
1949,CY_CCGT,2030,3,9,10,0.0
1950,CY_CCGT,2030,3,11,12,0.0
1951,CY_CCGT,2030,3,13,14,0.0
1952,CY_CCGT,2030,3,15,16,0.0
1953,CY_CCGT,2030,3,17,18,0.0
1954,CY_CCGT,2030,3,19,20,0.0
1955,CY_CCGT,2030,3,21,22,0.0
1956,CY_CCGT,2030,3,23,24,0.0
1957,CY_CCGT,2030,4,1,2,0.0
1958,CY_CCGT,2030,4,3,4,0.0
1959,CY_CCGT,2030,4,5,6,0.0
1960,CY_CCGT,2030,4,7,8,0.0
1961,CY_CCGT,2030,4,9,10,0.0
1962,CY_CCGT,2030,4,11,12,0.0
1963,CY_CCGT,2030,4,13,14,0.0
1964,CY_CCGT,2030,4,15,16,0.0
1965,CY_CCGT,2030,4,17,18,0.0
1966,CY_CCGT,2030,4,19,20,0.0
1967,CY_CCGT,2030,4,21,22,0.0
1968,CY_CCGT,2030,4,23,24,0.0
1969,CY_CCGT,2030,5,1,2,0.0
1970,CY_CCGT,2030,5,3,4,0.0
1971,CY_CCGT,2030,5,5,6,0.0
1972,CY_CCGT,2030,5,7,8,0.0
1973,CY_CCGT,2030,5,9,10,0.0
1974,CY_CCGT,2030,5,11,12,0.0
1975,CY_CCGT,2030,5,13,14,0.0
1976,CY_CCGT,2030,5,15,16,0.0
1977,CY_CCGT,2030,5,17,18,0.0
1978,CY_CCGT,2030,5,19,20,0.0
1979,CY_CCGT,2030,5,21,22,0.0
1980,CY_CCGT,2030,5,23,24,0.0
1981,CY_CCGT,2030,6,1,2,0.0
1982,CY_CCGT,2030,6,3,4,0.0
1983,CY_CCGT,2030,6,5,6,0.0
1984,CY_CCGT,2030,6,7,8,0.0
1985,CY_CCGT,2030,6,9,10,0.0
1986,CY_CCGT,2030,6,11,12,0.0
1987,CY_CCGT,2030,6,13,14,0.0
1988,CY_CCGT,2030,6,15,16,0.0
1989,CY_CCGT,2030,6,17,18,0.0
1990,CY_CCGT,2030,6,19,20,0.0
1991,CY_CCGT,2030,6,21,22,0.0
1992,CY_CCGT,2030,6,23,24,0.0
1993,CY_CCGT,2030,7,1,2,0.0
1994,CY_CCGT,2030,7,3,4,0.0
1995,CY_CCGT,2030,7,5,6,0.0
1996,CY_CCGT,2030,7,7,8,0.0
1997,CY_CCGT,2030,7,9,10,0.0
1998,CY_CCGT,2030,7,11,12,0.0
1999,CY_CCGT,2030,7,13,14,0.0
2000,CY_CCGT,2030,7,15,16,0.0
2001,CY_CCGT,2030,7,17,18,0.0
2002,CY_CCGT,2030,7,19,20,0.0
2003,CY_CCGT,2030,7,21,22,0.0
2004,CY_CCGT,2030,7,23,24,0.0
2005,CY_CCGT,2030,8,1,2,0.0
2006,CY_CCGT,2030,8,3,4,0.0
2007,CY_CCGT,2030,8,5,6,0.0
2008,CY_CCGT,2030,8,7,8,0.0
2009,CY_CCGT,2030,8,9,10,0.0
2010,CY_CCGT,2030,8,11,12,0.0
2011,CY_CCGT,2030,8,13,14,0.0
2012,CY_CCGT,2030,8,15,16,0.0
2013,CY_CCGT,2030,8,17,18,0.0
2014,CY_CCGT,2030,8,19,20,0.0
2015,CY_CCGT,2030,8,21,22,0.0
2016,CY_CCGT,2030,8,23,24,0.0
2017,CY_CCGT,2030,9,1,2,0.0
2018,CY_CCGT,2030,9,3,4,0.0
2019,CY_CCGT,2030,9,5,6,0.0
2020,CY_CCGT,2030,9,7,8,0.0
2021,CY_CCGT,2030,9,9,10,0.0
2022,CY_CCGT,2030,9,11,12,0.0
2023,CY_CCGT,2030,9,13,14,0.0
2024,CY_CCGT,2030,9,15,16,0.0
2025,CY_CCGT,2030,9,17,18,0.0
2026,CY_CCGT,2030,9,19,20,0.0
2027,CY_CCGT,2030,9,21,22,0.0
2028,CY_CCGT,2030,9,23,24,0.0
2029,CY_CCGT,2030,10,1,2,0.0
2030,CY_CCGT,2030,10,3,4,0.0
2031,CY_CCGT,2030,10,5,6,0.0
2032,CY_CCGT,2030,10,7,8,0.0
2033,CY_CCGT,2030,10,9,10,0.0
2034,CY_CCGT,2030,10,11,12,0.0
2035,CY_CCGT,2030,10,13,14,0.0
2036,CY_CCGT,2030,10,15,16,0.0
2037,CY_CCGT,2030,10,17,18,0.0
2038,CY_CCGT,2030,10,19,20,0.0
2039,CY_CCGT,2030,10,21,22,0.0
2040,CY_CCGT,2030,10,23,24,0.0
2041,CY_Coal,2030,1,1,2,0.0
2042,CY_Coal,2030,1,3,4,0.0
2043,CY_Coal,2030,1,5,6,0.0
2044,CY_Coal,2030,1,7,8,0.0
2045,CY_Coal,2030,1,9,10,0.0
2046,CY_Coal,2030,1,11,12,0.0
2047,CY_Coal,2030,1,13,14,0.0
2048,CY_Coal,2030,1,15,16,0.0
2049,CY_Coal,2030,1,17,18,0.0
2050,CY_Coal,2030,1,19,20,0.0
2051,CY_Coal,2030,1,21,22,0.0
2052,CY_Coal,2030,1,23,24,0.0
2053,CY_Coal,2030,2,1,2,0.0
2054,CY_Coal,2030,2,3,4,0.0
2055,CY_Coal,2030,2,5,6,0.0
2056,CY_Coal,2030,2,7,8,0.0
2057,CY_Coal,2030,2,9,10,0.0
2058,CY_Coal,2030,2,11,12,0.0
2059,CY_Coal,2030,2,13,14,0.0
2060,CY_Coal,2030,2,15,16,0.0
2061,CY_Coal,2030,2,17,18,0.0
2062,CY_Coal,2030,2,19,20,0.0
2063,CY_Coal,2030,2,21,22,0.0
2064,CY_Coal,2030,2,23,24,0.0
2065,CY_Coal,2030,3,1,2,0.0
2066,CY_Coal,2030,3,3,4,0.0
2067,CY_Coal,2030,3,5,6,0.0
2068,CY_Coal,2030,3,7,8,0.0
2069,CY_Coal,2030,3,9,10,0.0
2070,CY_Coal,2030,3,11,12,0.0
2071,CY_Coal,2030,3,13,14,0.0
2072,CY_Coal,2030,3,15,16,0.0
2073,CY_Coal,2030,3,17,18,0.0
2074,CY_Coal,2030,3,19,20,0.0
2075,CY_Coal,2030,3,21,22,0.0
2076,CY_Coal,2030,3,23,24,0.0
2077,CY_Coal,2030,4,1,2,0.0
2078,CY_Coal,2030,4,3,4,0.0
2079,CY_Coal,2030,4,5,6,0.0
2080,CY_Coal,2030,4,7,8,0.0
2081,CY_Coal,2030,4,9,10,0.0
2082,CY_Coal,2030,4,11,12,0.0
2083,CY_Coal,2030,4,13,14,0.0
2084,CY_Coal,2030,4,15,16,0.0
2085,CY_Coal,2030,4,17,18,0.0
2086,CY_Coal,2030,4,19,20,0.0
2087,CY_Coal,2030,4,21,22,0.0
2088,CY_Coal,2030,4,23,24,0.0
2089,CY_Coal,2030,5,1,2,0.0
2090,CY_Coal,2030,5,3,4,0.0
2091,CY_Coal,2030,5,5,6,0.0
2092,CY_Coal,2030,5,7,8,0.0
2093,CY_Coal,2030,5,9,10,0.0
2094,CY_Coal,2030,5,11,12,0.0
2095,CY_Coal,2030,5,13,14,0.0
2096,CY_Coal,2030,5,15,16,0.0
2097,CY_Coal,2030,5,17,18,0.0
2098,CY_Coal,2030,5,19,20,0.0
2099,CY_Coal,2030,5,21,22,0.0
2100,CY_Coal,2030,5,23,24,0.0
2101,CY_Coal,2030,6,1,2,0.0
2102,CY_Coal,2030,6,3,4,0.0
2103,CY_Coal,2030,6,5,6,0.0
2104,CY_Coal,2030,6,7,8,0.0
2105,CY_Coal,2030,6,9,10,0.0
2106,CY_Coal,2030,6,11,12,0.0
2107,CY_Coal,2030,6,13,14,0.0
2108,CY_Coal,2030,6,15,16,0.0
2109,CY_Coal,2030,6,17,18,0.0
2110,CY_Coal,2030,6,19,20,0.0
2111,CY_Coal,2030,6,21,22,0.0
2112,CY_Coal,2030,6,23,24,0.0
2113,CY_Coal,2030,7,1,2,0.0
2114,CY_Coal,2030,7,3,4,0.0
2115,CY_Coal,2030,7,5,6,0.0
2116,CY_Coal,2030,7,7,8,0.0
2117,CY_Coal,2030,7,9,10,0.0
2118,CY_Coal,2030,7,11,12,0.0
2119,CY_Coal,2030,7,13,14,0.0
2120,CY_Coal,2030,7,15,16,0.0
2121,CY_Coal,2030,7,17,18,0.0
2122,CY_Coal,2030,7,19,20,0.0
2123,CY_Coal,2030,7,21,22,0.0
2124,CY_Coal,2030,7,23,24,0.0
2125,CY_Coal,2030,8,1,2,0.0
2126,CY_Coal,2030,8,3,4,0.0
2127,CY_Coal,2030,8,5,6,0.0
2128,CY_Coal,2030,8,7,8,0.0
2129,CY_Coal,2030,8,9,10,0.0
2130,CY_Coal,2030,8,11,12,0.0
2131,CY_Coal,2030,8,13,14,0.0
2132,CY_Coal,2030,8,15,16,0.0
2133,CY_Coal,2030,8,17,18,0.0
2134,CY_Coal,2030,8,19,20,0.0
2135,CY_Coal,2030,8,21,22,0.0
2136,CY_Coal,2030,8,23,24,0.0
2137,CY_Coal,2030,9,1,2,0.0
2138,CY_Coal,2030,9,3,4,0.0
2139,CY_Coal,2030,9,5,6,0.0
2140,CY_Coal,2030,9,7,8,0.0
2141,CY_Coal,2030,9,9,10,0.0
2142,CY_Coal,2030,9,11,12,0.0
2143,CY_Coal,2030,9,13,14,0.0
2144,CY_Coal,2030,9,15,16,0.0
2145,CY_Coal,2030,9,17,18,0.0
2146,CY_Coal,2030,9,19,20,0.0
2147,CY_Coal,2030,9,21,22,0.0
2148,CY_Coal,2030,9,23,24,0.0
2149,CY_Coal,2030,10,1,2,0.0
2150,CY_Coal,2030,10,3,4,0.0
2151,CY_Coal,2030,10,5,6,0.0
2152,CY_Coal,2030,10,7,8,0.0
2153,CY_Coal,2030,10,9,10,0.0
2154,CY_Coal,2030,10,11,12,0.0
2155,CY_Coal,2030,10,13,14,0.0
2156,CY_Coal,2030,10,15,16,0.0
2157,CY_Coal,2030,10,17,18,0.0
2158,CY_Coal,2030,10,19,20,0.0
2159,CY_Coal,2030,10,21,22,0.0
2160,CY_Coal,2030,10,23,24,0.0
2161,CY_Nuclear,2030,1,1,2,0.0
2162,CY_Nuclear,2030,1,3,4,0.0
2163,CY_Nuclear,2030,1,5,6,0.0
2164,CY_Nuclear,2030,1,7,8,0.0
2165,CY_Nuclear,2030,1,9,10,0.0
2166,CY_Nuclear,2030,1,11,12,0.0
2167,CY_Nuclear,2030,1,13,14,0.0
2168,CY_Nuclear,2030,1,15,16,0.0
2169,CY_Nuclear,2030,1,17,18,0.0
2170,CY_Nuclear,2030,1,19,20,0.0
2171,CY_Nuclear,2030,1,21,22,0.0
2172,CY_Nuclear,2030,1,23,24,0.0
2173,CY_Nuclear,2030,2,1,2,0.0
2174,CY_Nuclear,2030,2,3,4,0.0
2175,CY_Nuclear,2030,2,5,6,0.0
2176,CY_Nuclear,2030,2,7,8,0.0
2177,CY_Nuclear,2030,2,9,10,0.0
2178,CY_Nuclear,2030,2,11,12,0.0
2179,CY_Nuclear,2030,2,13,14,0.0
2180,CY_Nuclear,2030,2,15,16,0.0
2181,CY_Nuclear,2030,2,17,18,0.0
2182,CY_Nuclear,2030,2,19,20,0.0
2183,CY_Nuclear,2030,2,21,22,0.0
2184,CY_Nuclear,2030,2,23,24,0.0
2185,CY_Nuclear,2030,3,1,2,0.0
2186,CY_Nuclear,2030,3,3,4,0.0
2187,CY_Nuclear,2030,3,5,6,0.0
2188,CY_Nuclear,2030,3,7,8,0.0
2189,CY_Nuclear,2030,3,9,10,0.0
2190,CY_Nuclear,2030,3,11,12,0.0
2191,CY_Nuclear,2030,3,13,14,0.0
2192,CY_Nuclear,2030,3,15,16,0.0
2193,CY_Nuclear,2030,3,17,18,0.0
2194,CY_Nuclear,2030,3,19,20,0.0
2195,CY_Nuclear,2030,3,21,22,0.0
2196,CY_Nuclear,2030,3,23,24,0.0
2197,CY_Nuclear,2030,4,1,2,0.0
2198,CY_Nuclear,2030,4,3,4,0.0
2199,CY_Nuclear,2030,4,5,6,0.0
2200,CY_Nuclear,2030,4,7,8,0.0
2201,CY_Nuclear,2030,4,9,10,0.0
2202,CY_Nuclear,2030,4,11,12,0.0
2203,CY_Nuclear,2030,4,13,14,0.0
2204,CY_Nuclear,2030,4,15,16,0.0
2205,CY_Nuclear,2030,4,17,18,0.0
2206,CY_Nuclear,2030,4,19,20,0.0
2207,CY_Nuclear,2030,4,21,22,0.0
2208,CY_Nuclear,2030,4,23,24,0.0
2209,CY_Nuclear,2030,5,1,2,0.0
2210,CY_Nuclear,2030,5,3,4,0.0
2211,CY_Nuclear,2030,5,5,6,0.0
2212,CY_Nuclear,2030,5,7,8,0.0
2213,CY_Nuclear,2030,5,9,10,0.0
2214,CY_Nuclear,2030,5,11,12,0.0
2215,CY_Nuclear,2030,5,13,14,0.0
2216,CY_Nuclear,2030,5,15,16,0.0
2217,CY_Nuclear,2030,5,17,18,0.0
2218,CY_Nuclear,2030,5,19,20,0.0
2219,CY_Nuclear,2030,5,21,22,0.0
2220,CY_Nuclear,2030,5,23,24,0.0
2221,CY_Nuclear,2030,6,1,2,0.0
2222,CY_Nuclear,2030,6,3,4,0.0
2223,CY_Nuclear,2030,6,5,6,0.0
2224,CY_Nuclear,2030,6,7,8,0.0
2225,CY_Nuclear,2030,6,9,10,0.0
2226,CY_Nuclear,2030,6,11,12,0.0
2227,CY_Nuclear,2030,6,13,14,0.0
2228,CY_Nuclear,2030,6,15,16,0.0
2229,CY_Nuclear,2030,6,17,18,0.0
2230,CY_Nuclear,2030,6,19,20,0.0
2231,CY_Nuclear,2030,6,21,22,0.0
2232,CY_Nuclear,2030,6,23,24,0.0
2233,CY_Nuclear,2030,7,1,2,0.0
2234,CY_Nuclear,2030,7,3,4,0.0
2235,CY_Nuclear,2030,7,5,6,0.0
2236,CY_Nuclear,2030,7,7,8,0.0
2237,CY_Nuclear,2030,7,9,10,0.0
2238,CY_Nuclear,2030,7,11,12,0.0
2239,CY_Nuclear,2030,7,13,14,0.0
2240,CY_Nuclear,2030,7,15,16,0.0
2241,CY_Nuclear,2030,7,17,18,0.0
2242,CY_Nuclear,2030,7,19,20,0.0
2243,CY_Nuclear,2030,7,21,22,0.0
2244,CY_Nuclear,2030,7,23,24,0.0
2245,CY_Nuclear,2030,8,1,2,0.0
2246,CY_Nuclear,2030,8,3,4,0.0
2247,CY_Nuclear,2030,8,5,6,0.0
2248,CY_Nuclear,2030,8,7,8,0.0
2249,CY_Nuclear,2030,8,9,10,0.0
2250,CY_Nuclear,2030,8,11,12,0.0
2251,CY_Nuclear,2030,8,13,14,0.0
2252,CY_Nuclear,2030,8,15,16,0.0
2253,CY_Nuclear,2030,8,17,18,0.0
2254,CY_Nuclear,2030,8,19,20,0.0
2255,CY_Nuclear,2030,8,21,22,0.0
2256,CY_Nuclear,2030,8,23,24,0.0
2257,CY_Nuclear,2030,9,1,2,0.0
2258,CY_Nuclear,2030,9,3,4,0.0
2259,CY_Nuclear,2030,9,5,6,0.0
2260,CY_Nuclear,2030,9,7,8,0.0
2261,CY_Nuclear,2030,9,9,10,0.0
2262,CY_Nuclear,2030,9,11,12,0.0
2263,CY_Nuclear,2030,9,13,14,0.0
2264,CY_Nuclear,2030,9,15,16,0.0
2265,CY_Nuclear,2030,9,17,18,0.0
2266,CY_Nuclear,2030,9,19,20,0.0
2267,CY_Nuclear,2030,9,21,22,0.0
2268,CY_Nuclear,2030,9,23,24,0.0
2269,CY_Nuclear,2030,10,1,2,0.0
2270,CY_Nuclear,2030,10,3,4,0.0
2271,CY_Nuclear,2030,10,5,6,0.0
2272,CY_Nuclear,2030,10,7,8,0.0
2273,CY_Nuclear,2030,10,9,10,0.0
2274,CY_Nuclear,2030,10,11,12,0.0
2275,CY_Nuclear,2030,10,13,14,0.0
2276,CY_Nuclear,2030,10,15,16,0.0
2277,CY_Nuclear,2030,10,17,18,0.0
2278,CY_Nuclear,2030,10,19,20,0.0
2279,CY_Nuclear,2030,10,21,22,0.0
2280,CY_Nuclear,2030,10,23,24,0.0
2281,CZ_CCGT,2030,1,1,2,0.0
2282,CZ_CCGT,2030,1,3,4,0.0
2283,CZ_CCGT,2030,1,5,6,0.0
2284,CZ_CCGT,2030,1,7,8,0.0
2285,CZ_CCGT,2030,1,9,10,0.0
2286,CZ_CCGT,2030,1,11,12,0.0
2287,CZ_CCGT,2030,1,13,14,0.0
2288,CZ_CCGT,2030,1,15,16,0.0
2289,CZ_CCGT,2030,1,17,18,0.0
2290,CZ_CCGT,2030,1,19,20,0.0
2291,CZ_CCGT,2030,1,21,22,0.0
2292,CZ_CCGT,2030,1,23,24,0.0
2293,CZ_CCGT,2030,2,1,2,0.0
2294,CZ_CCGT,2030,2,3,4,0.0
2295,CZ_CCGT,2030,2,5,6,0.0
2296,CZ_CCGT,2030,2,7,8,0.0
2297,CZ_CCGT,2030,2,9,10,0.0
2298,CZ_CCGT,2030,2,11,12,0.0
2299,CZ_CCGT,2030,2,13,14,0.0
2300,CZ_CCGT,2030,2,15,16,0.0
2301,CZ_CCGT,2030,2,17,18,0.0
2302,CZ_CCGT,2030,2,19,20,0.0
2303,CZ_CCGT,2030,2,21,22,0.0
2304,CZ_CCGT,2030,2,23,24,0.0
2305,CZ_CCGT,2030,3,1,2,0.0
2306,CZ_CCGT,2030,3,3,4,0.0
2307,CZ_CCGT,2030,3,5,6,0.0
2308,CZ_CCGT,2030,3,7,8,0.0
2309,CZ_CCGT,2030,3,9,10,0.0
2310,CZ_CCGT,2030,3,11,12,0.0
2311,CZ_CCGT,2030,3,13,14,0.0
2312,CZ_CCGT,2030,3,15,16,0.0
2313,CZ_CCGT,2030,3,17,18,0.0
2314,CZ_CCGT,2030,3,19,20,0.0
2315,CZ_CCGT,2030,3,21,22,0.0
2316,CZ_CCGT,2030,3,23,24,0.0
2317,CZ_CCGT,2030,4,1,2,0.0
2318,CZ_CCGT,2030,4,3,4,0.0
2319,CZ_CCGT,2030,4,5,6,0.0
2320,CZ_CCGT,2030,4,7,8,0.0
2321,CZ_CCGT,2030,4,9,10,0.0
2322,CZ_CCGT,2030,4,11,12,0.0
2323,CZ_CCGT,2030,4,13,14,0.0
2324,CZ_CCGT,2030,4,15,16,0.0
2325,CZ_CCGT,2030,4,17,18,0.0
2326,CZ_CCGT,2030,4,19,20,0.0
2327,CZ_CCGT,2030,4,21,22,0.0
2328,CZ_CCGT,2030,4,23,24,0.0
2329,CZ_CCGT,2030,5,1,2,0.0
2330,CZ_CCGT,2030,5,3,4,0.0
2331,CZ_CCGT,2030,5,5,6,0.0
2332,CZ_CCGT,2030,5,7,8,0.0
2333,CZ_CCGT,2030,5,9,10,0.0
2334,CZ_CCGT,2030,5,11,12,0.0
2335,CZ_CCGT,2030,5,13,14,0.0
2336,CZ_CCGT,2030,5,15,16,0.0
2337,CZ_CCGT,2030,5,17,18,0.0
2338,CZ_CCGT,2030,5,19,20,0.0
2339,CZ_CCGT,2030,5,21,22,0.0
2340,CZ_CCGT,2030,5,23,24,0.0
2341,CZ_CCGT,2030,6,1,2,0.0
2342,CZ_CCGT,2030,6,3,4,0.0
2343,CZ_CCGT,2030,6,5,6,0.0
2344,CZ_CCGT,2030,6,7,8,0.0
2345,CZ_CCGT,2030,6,9,10,0.0
2346,CZ_CCGT,2030,6,11,12,0.0
2347,CZ_CCGT,2030,6,13,14,0.0
2348,CZ_CCGT,2030,6,15,16,0.0
2349,CZ_CCGT,2030,6,17,18,0.0
2350,CZ_CCGT,2030,6,19,20,0.0
2351,CZ_CCGT,2030,6,21,22,0.0
2352,CZ_CCGT,2030,6,23,24,0.0
2353,CZ_CCGT,2030,7,1,2,0.0
2354,CZ_CCGT,2030,7,3,4,0.0
2355,CZ_CCGT,2030,7,5,6,0.0
2356,CZ_CCGT,2030,7,7,8,0.0
2357,CZ_CCGT,2030,7,9,10,0.0
2358,CZ_CCGT,2030,7,11,12,0.0
2359,CZ_CCGT,2030,7,13,14,0.0
2360,CZ_CCGT,2030,7,15,16,0.0
2361,CZ_CCGT,2030,7,17,18,0.0
2362,CZ_CCGT,2030,7,19,20,0.0
2363,CZ_CCGT,2030,7,21,22,0.0
2364,CZ_CCGT,2030,7,23,24,0.0
2365,CZ_CCGT,2030,8,1,2,0.0
2366,CZ_CCGT,2030,8,3,4,0.0
2367,CZ_CCGT,2030,8,5,6,0.0
2368,CZ_CCGT,2030,8,7,8,0.0
2369,CZ_CCGT,2030,8,9,10,0.0
2370,CZ_CCGT,2030,8,11,12,0.0
2371,CZ_CCGT,2030,8,13,14,0.0
2372,CZ_CCGT,2030,8,15,16,0.0
2373,CZ_CCGT,2030,8,17,18,0.0
2374,CZ_CCGT,2030,8,19,20,0.0
2375,CZ_CCGT,2030,8,21,22,0.0
2376,CZ_CCGT,2030,8,23,24,0.0
2377,CZ_CCGT,2030,9,1,2,0.0
2378,CZ_CCGT,2030,9,3,4,0.0
2379,CZ_CCGT,2030,9,5,6,0.0
2380,CZ_CCGT,2030,9,7,8,0.0
2381,CZ_CCGT,2030,9,9,10,0.0
2382,CZ_CCGT,2030,9,11,12,0.0
2383,CZ_CCGT,2030,9,13,14,0.0
2384,CZ_CCGT,2030,9,15,16,0.0
2385,CZ_CCGT,2030,9,17,18,0.0
2386,CZ_CCGT,2030,9,19,20,0.0
2387,CZ_CCGT,2030,9,21,22,0.0
2388,CZ_CCGT,2030,9,23,24,0.0
2389,CZ_CCGT,2030,10,1,2,0.0
2390,CZ_CCGT,2030,10,3,4,0.0
2391,CZ_CCGT,2030,10,5,6,0.0
2392,CZ_CCGT,2030,10,7,8,0.0
2393,CZ_CCGT,2030,10,9,10,0.0
2394,CZ_CCGT,2030,10,11,12,0.0
2395,CZ_CCGT,2030,10,13,14,0.0
2396,CZ_CCGT,2030,10,15,16,0.0
2397,CZ_CCGT,2030,10,17,18,0.0
2398,CZ_CCGT,2030,10,19,20,0.0
2399,CZ_CCGT,2030,10,21,22,0.0
2400,CZ_CCGT,2030,10,23,24,0.0
2401,CZ_Coal,2030,1,1,2,0.0
2402,CZ_Coal,2030,1,3,4,0.0
2403,CZ_Coal,2030,1,5,6,0.0
2404,CZ_Coal,2030,1,7,8,0.0
2405,CZ_Coal,2030,1,9,10,0.0
2406,CZ_Coal,2030,1,11,12,0.0
2407,CZ_Coal,2030,1,13,14,0.0
2408,CZ_Coal,2030,1,15,16,0.0
2409,CZ_Coal,2030,1,17,18,0.0
2410,CZ_Coal,2030,1,19,20,0.0
2411,CZ_Coal,2030,1,21,22,0.0
2412,CZ_Coal,2030,1,23,24,0.0
2413,CZ_Coal,2030,2,1,2,0.0
2414,CZ_Coal,2030,2,3,4,0.0
2415,CZ_Coal,2030,2,5,6,0.0
2416,CZ_Coal,2030,2,7,8,0.0
2417,CZ_Coal,2030,2,9,10,0.0
2418,CZ_Coal,2030,2,11,12,0.0
2419,CZ_Coal,2030,2,13,14,0.0
2420,CZ_Coal,2030,2,15,16,0.0
2421,CZ_Coal,2030,2,17,18,0.0
2422,CZ_Coal,2030,2,19,20,0.0
2423,CZ_Coal,2030,2,21,22,0.0
2424,CZ_Coal,2030,2,23,24,0.0
2425,CZ_Coal,2030,3,1,2,0.0
2426,CZ_Coal,2030,3,3,4,0.0
2427,CZ_Coal,2030,3,5,6,0.0
2428,CZ_Coal,2030,3,7,8,-0.8874000000000002
2429,CZ_Coal,2030,3,9,10,-0.8874000000000002
2430,CZ_Coal,2030,3,11,12,0.0
2431,CZ_Coal,2030,3,13,14,0.0
2432,CZ_Coal,2030,3,15,16,0.0
2433,CZ_Coal,2030,3,17,18,0.0
2434,CZ_Coal,2030,3,19,20,0.0
2435,CZ_Coal,2030,3,21,22,-0.8874000000000002
2436,CZ_Coal,2030,3,23,24,0.0
2437,CZ_Coal,2030,4,1,2,0.0
2438,CZ_Coal,2030,4,3,4,0.0
2439,CZ_Coal,2030,4,5,6,0.0
2440,CZ_Coal,2030,4,7,8,0.0
2441,CZ_Coal,2030,4,9,10,0.0
2442,CZ_Coal,2030,4,11,12,0.0
2443,CZ_Coal,2030,4,13,14,0.0
2444,CZ_Coal,2030,4,15,16,0.0
2445,CZ_Coal,2030,4,17,18,0.0
2446,CZ_Coal,2030,4,19,20,0.0
2447,CZ_Coal,2030,4,21,22,0.0
2448,CZ_Coal,2030,4,23,24,0.0
2449,CZ_Coal,2030,5,1,2,0.0
2450,CZ_Coal,2030,5,3,4,0.0
2451,CZ_Coal,2030,5,5,6,0.0
2452,CZ_Coal,2030,5,7,8,0.0
2453,CZ_Coal,2030,5,9,10,0.0
2454,CZ_Coal,2030,5,11,12,0.0
2455,CZ_Coal,2030,5,13,14,0.0
2456,CZ_Coal,2030,5,15,16,0.0
2457,CZ_Coal,2030,5,17,18,0.0
2458,CZ_Coal,2030,5,19,20,0.0
2459,CZ_Coal,2030,5,21,22,0.0
2460,CZ_Coal,2030,5,23,24,0.0
2461,CZ_Coal,2030,6,1,2,0.0
2462,CZ_Coal,2030,6,3,4,0.0
2463,CZ_Coal,2030,6,5,6,0.0
2464,CZ_Coal,2030,6,7,8,0.0
2465,CZ_Coal,2030,6,9,10,0.0
2466,CZ_Coal,2030,6,11,12,0.0
2467,CZ_Coal,2030,6,13,14,0.0
2468,CZ_Coal,2030,6,15,16,0.0
2469,CZ_Coal,2030,6,17,18,0.0
2470,CZ_Coal,2030,6,19,20,0.0
2471,CZ_Coal,2030,6,21,22,0.0
2472,CZ_Coal,2030,6,23,24,0.0
2473,CZ_Coal,2030,7,1,2,0.0
2474,CZ_Coal,2030,7,3,4,0.0
2475,CZ_Coal,2030,7,5,6,0.0
2476,CZ_Coal,2030,7,7,8,0.0
2477,CZ_Coal,2030,7,9,10,0.0
2478,CZ_Coal,2030,7,11,12,0.0
2479,CZ_Coal,2030,7,13,14,0.0
2480,CZ_Coal,2030,7,15,16,0.0
2481,CZ_Coal,2030,7,17,18,0.0
2482,CZ_Coal,2030,7,19,20,0.0
2483,CZ_Coal,2030,7,21,22,0.0
2484,CZ_Coal,2030,7,23,24,0.0
2485,CZ_Coal,2030,8,1,2,0.0
2486,CZ_Coal,2030,8,3,4,0.0
2487,CZ_Coal,2030,8,5,6,0.0
2488,CZ_Coal,2030,8,7,8,0.0
2489,CZ_Coal,2030,8,9,10,0.0
2490,CZ_Coal,2030,8,11,12,0.0
2491,CZ_Coal,2030,8,13,14,0.0
2492,CZ_Coal,2030,8,15,16,0.0
2493,CZ_Coal,2030,8,17,18,0.0
2494,CZ_Coal,2030,8,19,20,0.0
2495,CZ_Coal,2030,8,21,22,0.0
2496,CZ_Coal,2030,8,23,24,0.0
2497,CZ_Coal,2030,9,1,2,0.0
2498,CZ_Coal,2030,9,3,4,0.0
2499,CZ_Coal,2030,9,5,6,0.0
2500,CZ_Coal,2030,9,7,8,0.0
2501,CZ_Coal,2030,9,9,10,0.0
2502,CZ_Coal,2030,9,11,12,0.0
2503,CZ_Coal,2030,9,13,14,0.0
2504,CZ_Coal,2030,9,15,16,0.0
2505,CZ_Coal,2030,9,17,18,0.0
2506,CZ_Coal,2030,9,19,20,0.0
2507,CZ_Coal,2030,9,21,22,0.0
2508,CZ_Coal,2030,9,23,24,0.0
2509,CZ_Coal,2030,10,1,2,0.0
2510,CZ_Coal,2030,10,3,4,0.0
2511,CZ_Coal,2030,10,5,6,0.0
2512,CZ_Coal,2030,10,7,8,0.0
2513,CZ_Coal,2030,10,9,10,0.0
2514,CZ_Coal,2030,10,11,12,0.0
2515,CZ_Coal,2030,10,13,14,0.0
2516,CZ_Coal,2030,10,15,16,0.0
2517,CZ_Coal,2030,10,17,18,0.0
2518,CZ_Coal,2030,10,19,20,0.0
2519,CZ_Coal,2030,10,21,22,0.0
2520,CZ_Coal,2030,10,23,24,0.0
2521,CZ_Nuclear,2030,1,1,2,0.0
2522,CZ_Nuclear,2030,1,3,4,0.0
2523,CZ_Nuclear,2030,1,5,6,0.0
2524,CZ_Nuclear,2030,1,7,8,0.0
2525,CZ_Nuclear,2030,1,9,10,0.0
2526,CZ_Nuclear,2030,1,11,12,0.0
2527,CZ_Nuclear,2030,1,13,14,0.0
2528,CZ_Nuclear,2030,1,15,16,0.0
2529,CZ_Nuclear,2030,1,17,18,0.0
2530,CZ_Nuclear,2030,1,19,20,0.0
2531,CZ_Nuclear,2030,1,21,22,0.0
2532,CZ_Nuclear,2030,1,23,24,0.0
2533,CZ_Nuclear,2030,2,1,2,0.0
2534,CZ_Nuclear,2030,2,3,4,0.0
2535,CZ_Nuclear,2030,2,5,6,0.0
2536,CZ_Nuclear,2030,2,7,8,0.0
2537,CZ_Nuclear,2030,2,9,10,0.0
2538,CZ_Nuclear,2030,2,11,12,0.0
2539,CZ_Nuclear,2030,2,13,14,0.0
2540,CZ_Nuclear,2030,2,15,16,0.0
2541,CZ_Nuclear,2030,2,17,18,0.0
2542,CZ_Nuclear,2030,2,19,20,0.0
2543,CZ_Nuclear,2030,2,21,22,0.0
2544,CZ_Nuclear,2030,2,23,24,0.0
2545,CZ_Nuclear,2030,3,1,2,0.0
2546,CZ_Nuclear,2030,3,3,4,0.0
2547,CZ_Nuclear,2030,3,5,6,0.0
2548,CZ_Nuclear,2030,3,7,8,0.0
2549,CZ_Nuclear,2030,3,9,10,0.0
2550,CZ_Nuclear,2030,3,11,12,0.0
2551,CZ_Nuclear,2030,3,13,14,0.0
2552,CZ_Nuclear,2030,3,15,16,0.0
2553,CZ_Nuclear,2030,3,17,18,0.0
2554,CZ_Nuclear,2030,3,19,20,0.0
2555,CZ_Nuclear,2030,3,21,22,0.0
2556,CZ_Nuclear,2030,3,23,24,0.0
2557,CZ_Nuclear,2030,4,1,2,0.0
2558,CZ_Nuclear,2030,4,3,4,0.0
2559,CZ_Nuclear,2030,4,5,6,0.0
2560,CZ_Nuclear,2030,4,7,8,0.0
2561,CZ_Nuclear,2030,4,9,10,0.0
2562,CZ_Nuclear,2030,4,11,12,0.0
2563,CZ_Nuclear,2030,4,13,14,0.0
2564,CZ_Nuclear,2030,4,15,16,0.0
2565,CZ_Nuclear,2030,4,17,18,0.0
2566,CZ_Nuclear,2030,4,19,20,0.0
2567,CZ_Nuclear,2030,4,21,22,0.0
2568,CZ_Nuclear,2030,4,23,24,0.0
2569,CZ_Nuclear,2030,5,1,2,0.0
2570,CZ_Nuclear,2030,5,3,4,0.0
2571,CZ_Nuclear,2030,5,5,6,0.0
2572,CZ_Nuclear,2030,5,7,8,0.0
2573,CZ_Nuclear,2030,5,9,10,0.0
2574,CZ_Nuclear,2030,5,11,12,0.0
2575,CZ_Nuclear,2030,5,13,14,0.0
2576,CZ_Nuclear,2030,5,15,16,0.0
2577,CZ_Nuclear,2030,5,17,18,0.0
2578,CZ_Nuclear,2030,5,19,20,0.0
2579,CZ_Nuclear,2030,5,21,22,0.0
2580,CZ_Nuclear,2030,5,23,24,0.0
2581,CZ_Nuclear,2030,6,1,2,0.0
2582,CZ_Nuclear,2030,6,3,4,0.0
2583,CZ_Nuclear,2030,6,5,6,0.0
2584,CZ_Nuclear,2030,6,7,8,0.0
2585,CZ_Nuclear,2030,6,9,10,0.0
2586,CZ_Nuclear,2030,6,11,12,0.0
2587,CZ_Nuclear,2030,6,13,14,0.0
2588,CZ_Nuclear,2030,6,15,16,0.0
2589,CZ_Nuclear,2030,6,17,18,0.0
2590,CZ_Nuclear,2030,6,19,20,0.0
2591,CZ_Nuclear,2030,6,21,22,0.0
2592,CZ_Nuclear,2030,6,23,24,0.0
2593,CZ_Nuclear,2030,7,1,2,0.0
2594,CZ_Nuclear,2030,7,3,4,0.0
2595,CZ_Nuclear,2030,7,5,6,0.0
2596,CZ_Nuclear,2030,7,7,8,0.0
2597,CZ_Nuclear,2030,7,9,10,0.0
2598,CZ_Nuclear,2030,7,11,12,0.0
2599,CZ_Nuclear,2030,7,13,14,0.0
2600,CZ_Nuclear,2030,7,15,16,0.0
2601,CZ_Nuclear,2030,7,17,18,0.0
2602,CZ_Nuclear,2030,7,19,20,0.0
2603,CZ_Nuclear,2030,7,21,22,0.0
2604,CZ_Nuclear,2030,7,23,24,0.0
2605,CZ_Nuclear,2030,8,1,2,0.0
2606,CZ_Nuclear,2030,8,3,4,0.0
2607,CZ_Nuclear,2030,8,5,6,0.0
2608,CZ_Nuclear,2030,8,7,8,0.0
2609,CZ_Nuclear,2030,8,9,10,0.0
2610,CZ_Nuclear,2030,8,11,12,0.0
2611,CZ_Nuclear,2030,8,13,14,0.0
2612,CZ_Nuclear,2030,8,15,16,0.0
2613,CZ_Nuclear,2030,8,17,18,0.0
2614,CZ_Nuclear,2030,8,19,20,0.0
2615,CZ_Nuclear,2030,8,21,22,0.0
2616,CZ_Nuclear,2030,8,23,24,0.0
2617,CZ_Nuclear,2030,9,1,2,0.0
2618,CZ_Nuclear,2030,9,3,4,0.0
2619,CZ_Nuclear,2030,9,5,6,0.0
2620,CZ_Nuclear,2030,9,7,8,0.0
2621,CZ_Nuclear,2030,9,9,10,0.0
2622,CZ_Nuclear,2030,9,11,12,0.0
2623,CZ_Nuclear,2030,9,13,14,0.0
2624,CZ_Nuclear,2030,9,15,16,0.0
2625,CZ_Nuclear,2030,9,17,18,0.0
2626,CZ_Nuclear,2030,9,19,20,0.0
2627,CZ_Nuclear,2030,9,21,22,0.0
2628,CZ_Nuclear,2030,9,23,24,0.0
2629,CZ_Nuclear,2030,10,1,2,0.0
2630,CZ_Nuclear,2030,10,3,4,0.0
2631,CZ_Nuclear,2030,10,5,6,0.0
2632,CZ_Nuclear,2030,10,7,8,0.0
2633,CZ_Nuclear,2030,10,9,10,0.0
2634,CZ_Nuclear,2030,10,11,12,0.0
2635,CZ_Nuclear,2030,10,13,14,0.0
2636,CZ_Nuclear,2030,10,15,16,0.0
2637,CZ_Nuclear,2030,10,17,18,0.0
2638,CZ_Nuclear,2030,10,19,20,0.0
2639,CZ_Nuclear,2030,10,21,22,0.0
2640,CZ_Nuclear,2030,10,23,24,0.0
2641,CZ_OCGT,2030,1,1,2,0.0
2642,CZ_OCGT,2030,1,3,4,0.0
2643,CZ_OCGT,2030,1,5,6,0.0
2644,CZ_OCGT,2030,1,7,8,0.0
2645,CZ_OCGT,2030,1,9,10,0.0
2646,CZ_OCGT,2030,1,11,12,0.0
2647,CZ_OCGT,2030,1,13,14,0.0
2648,CZ_OCGT,2030,1,15,16,0.0
2649,CZ_OCGT,2030,1,17,18,0.0
2650,CZ_OCGT,2030,1,19,20,0.0
2651,CZ_OCGT,2030,1,21,22,0.0
2652,CZ_OCGT,2030,1,23,24,0.0
2653,CZ_OCGT,2030,2,1,2,0.0
2654,CZ_OCGT,2030,2,3,4,0.0
2655,CZ_OCGT,2030,2,5,6,0.0
2656,CZ_OCGT,2030,2,7,8,0.0
2657,CZ_OCGT,2030,2,9,10,0.0
2658,CZ_OCGT,2030,2,11,12,0.0
2659,CZ_OCGT,2030,2,13,14,0.0
2660,CZ_OCGT,2030,2,15,16,0.0
2661,CZ_OCGT,2030,2,17,18,0.0
2662,CZ_OCGT,2030,2,19,20,0.0
2663,CZ_OCGT,2030,2,21,22,0.0
2664,CZ_OCGT,2030,2,23,24,0.0
2665,CZ_OCGT,2030,3,1,2,0.0
2666,CZ_OCGT,2030,3,3,4,0.0
2667,CZ_OCGT,2030,3,5,6,0.0
2668,CZ_OCGT,2030,3,7,8,0.0
2669,CZ_OCGT,2030,3,9,10,0.0
2670,CZ_OCGT,2030,3,11,12,0.0
2671,CZ_OCGT,2030,3,13,14,0.0
2672,CZ_OCGT,2030,3,15,16,0.0
2673,CY_OCGT,2030,1,1,2,0.0
2674,CY_OCGT,2030,1,3,4,0.0
2675,CY_OCGT,2030,1,5,6,0.0
2676,CY_OCGT,2030,1,7,8,0.0
2677,CY_OCGT,2030,1,9,10,0.0
2678,CY_OCGT,2030,1,11,12,0.0
2679,CY_OCGT,2030,1,13,14,0.0
2680,CY_OCGT,2030,1,15,16,0.0
2681,CY_OCGT,2030,1,17,18,0.0
2682,CY_OCGT,2030,1,19,20,0.0
2683,CY_OCGT,2030,1,21,22,0.0
2684,CY_OCGT,2030,1,23,24,0.0
2685,CY_OCGT,2030,2,1,2,0.0
2686,CY_OCGT,2030,2,3,4,0.0
2687,CY_OCGT,2030,2,5,6,0.0
2688,CY_OCGT,2030,2,7,8,0.0
2689,CY_OCGT,2030,2,9,10,0.0
2690,CY_OCGT,2030,2,11,12,0.0
2691,CY_OCGT,2030,2,13,14,0.0
2692,CY_OCGT,2030,2,15,16,0.0
2693,CY_OCGT,2030,2,17,18,0.0
2694,CY_OCGT,2030,2,19,20,0.0
2695,CY_OCGT,2030,2,21,22,0.0
2696,CY_OCGT,2030,2,23,24,0.0
2697,CY_OCGT,2030,3,1,2,0.0
2698,CY_OCGT,2030,3,3,4,0.0
2699,CY_OCGT,2030,3,5,6,0.0
2700,CY_OCGT,2030,3,7,8,0.0
2701,CY_OCGT,2030,3,9,10,0.0
2702,CY_OCGT,2030,3,11,12,0.0
2703,CY_OCGT,2030,3,13,14,0.0
2704,CY_OCGT,2030,3,15,16,0.0
2705,CY_OCGT,2030,3,17,18,0.0
2706,CY_OCGT,2030,3,19,20,0.0
2707,CY_OCGT,2030,3,21,22,0.0
2708,CY_OCGT,2030,3,23,24,0.0
2709,CY_OCGT,2030,4,1,2,0.0
2710,CY_OCGT,2030,4,3,4,0.0
2711,CY_OCGT,2030,4,5,6,0.0
2712,CY_OCGT,2030,4,7,8,0.0
2713,CY_OCGT,2030,4,9,10,0.0
2714,CY_OCGT,2030,4,11,12,0.0
2715,CY_OCGT,2030,4,13,14,0.0
2716,CY_OCGT,2030,4,15,16,0.0
2717,CY_OCGT,2030,4,17,18,0.0
2718,CY_OCGT,2030,4,19,20,0.0
2719,CY_OCGT,2030,4,21,22,0.0
2720,CY_OCGT,2030,4,23,24,0.0
2721,CY_OCGT,2030,5,1,2,0.0
2722,CY_OCGT,2030,5,3,4,0.0
2723,CY_OCGT,2030,5,5,6,0.0
2724,CY_OCGT,2030,5,7,8,0.0
2725,CY_OCGT,2030,5,9,10,0.0
2726,CY_OCGT,2030,5,11,12,0.0
2727,CY_OCGT,2030,5,13,14,0.0
2728,CY_OCGT,2030,5,15,16,0.0
2729,CY_OCGT,2030,5,17,18,0.0
2730,CY_OCGT,2030,5,19,20,0.0
2731,CY_OCGT,2030,5,21,22,0.0
2732,CY_OCGT,2030,5,23,24,0.0
2733,CY_OCGT,2030,6,1,2,0.0
2734,CY_OCGT,2030,6,3,4,0.0
2735,CY_OCGT,2030,6,5,6,0.0
2736,CY_OCGT,2030,6,7,8,0.0
2737,CY_OCGT,2030,6,9,10,0.0
2738,CY_OCGT,2030,6,11,12,0.0
2739,CY_OCGT,2030,6,13,14,0.0
2740,CY_OCGT,2030,6,15,16,0.0
2741,CY_OCGT,2030,6,17,18,0.0
2742,CY_OCGT,2030,6,19,20,0.0
2743,CY_OCGT,2030,6,21,22,0.0
2744,CY_OCGT,2030,6,23,24,0.0
2745,CY_OCGT,2030,7,1,2,0.0
2746,CY_OCGT,2030,7,3,4,0.0
2747,CY_OCGT,2030,7,5,6,0.0
2748,CY_OCGT,2030,7,7,8,0.0
2749,CY_OCGT,2030,7,9,10,0.0
2750,CY_OCGT,2030,7,11,12,0.0
2751,CY_OCGT,2030,7,13,14,0.0
2752,CY_OCGT,2030,7,15,16,0.0
2753,CY_OCGT,2030,7,17,18,0.0
2754,CY_OCGT,2030,7,19,20,0.0
2755,CY_OCGT,2030,7,21,22,0.0
2756,CY_OCGT,2030,7,23,24,0.0
2757,CY_OCGT,2030,8,1,2,0.0
2758,CY_OCGT,2030,8,3,4,0.0
2759,CY_OCGT,2030,8,5,6,0.0
2760,CY_OCGT,2030,8,7,8,0.0
2761,CY_OCGT,2030,8,9,10,0.0
2762,CY_OCGT,2030,8,11,12,0.0
2763,CY_OCGT,2030,8,13,14,0.0
2764,CY_OCGT,2030,8,15,16,0.0
2765,CY_OCGT,2030,8,17,18,0.0
2766,CY_OCGT,2030,8,19,20,0.0
2767,CY_OCGT,2030,8,21,22,0.0
2768,CY_OCGT,2030,8,23,24,0.0
2769,CY_OCGT,2030,9,1,2,0.0
2770,CY_OCGT,2030,9,3,4,0.0
2771,CY_OCGT,2030,9,5,6,0.0
2772,CY_OCGT,2030,9,7,8,0.0
2773,CY_OCGT,2030,9,9,10,0.0
2774,CY_OCGT,2030,9,11,12,0.0
2775,CY_OCGT,2030,9,13,14,0.0
2776,CY_OCGT,2030,9,15,16,0.0
2777,CY_OCGT,2030,9,17,18,0.0
2778,CY_OCGT,2030,9,19,20,0.0
2779,CY_OCGT,2030,9,21,22,0.0
2780,CY_OCGT,2030,9,23,24,0.0
2781,CY_OCGT,2030,10,1,2,0.0
2782,CY_OCGT,2030,10,3,4,0.0
2783,CY_OCGT,2030,10,5,6,0.0
2784,CY_OCGT,2030,10,7,8,0.0
2785,CY_OCGT,2030,10,9,10,0.0
2786,CY_OCGT,2030,10,11,12,0.0
2787,CY_OCGT,2030,10,13,14,0.0
2788,CY_OCGT,2030,10,15,16,0.0
2789,CY_OCGT,2030,10,17,18,0.0
2790,CY_OCGT,2030,10,19,20,0.0
2791,CY_OCGT,2030,10,21,22,0.0
2792,CY_OCGT,2030,10,23,24,0.0
2793,CZ_OCGT,2030,3,17,18,0.0
2794,CZ_OCGT,2030,3,19,20,0.0
2795,CZ_OCGT,2030,3,21,22,0.0
2796,CZ_OCGT,2030,3,23,24,0.0
2797,CZ_OCGT,2030,4,1,2,0.0
2798,CZ_OCGT,2030,4,3,4,0.0
2799,CZ_OCGT,2030,4,5,6,0.0
2800,CZ_OCGT,2030,4,7,8,0.0
2801,CZ_OCGT,2030,4,9,10,0.0
2802,CZ_OCGT,2030,4,11,12,0.0
2803,CZ_OCGT,2030,4,13,14,0.0
2804,CZ_OCGT,2030,4,15,16,0.0
2805,CZ_OCGT,2030,4,17,18,0.0
2806,CZ_OCGT,2030,4,19,20,0.0
2807,CZ_OCGT,2030,4,21,22,0.0
2808,CZ_OCGT,2030,4,23,24,0.0
2809,CZ_OCGT,2030,5,1,2,0.0
2810,CZ_OCGT,2030,5,3,4,0.0
2811,CZ_OCGT,2030,5,5,6,0.0
2812,CZ_OCGT,2030,5,7,8,0.0
2813,CZ_OCGT,2030,5,9,10,0.0
2814,CZ_OCGT,2030,5,11,12,0.0
2815,CZ_OCGT,2030,5,13,14,0.0
2816,CZ_OCGT,2030,5,15,16,0.0
2817,CZ_OCGT,2030,5,17,18,0.0
2818,CZ_OCGT,2030,5,19,20,0.0
2819,CZ_OCGT,2030,5,21,22,0.0
2820,CZ_OCGT,2030,5,23,24,0.0
2821,CZ_OCGT,2030,6,1,2,0.0
2822,CZ_OCGT,2030,6,3,4,0.0
2823,CZ_OCGT,2030,6,5,6,0.0
2824,CZ_OCGT,2030,6,7,8,0.0
2825,CZ_OCGT,2030,6,9,10,0.0
2826,CZ_OCGT,2030,6,11,12,0.0
2827,CZ_OCGT,2030,6,13,14,0.0
2828,CZ_OCGT,2030,6,15,16,0.0
2829,CZ_OCGT,2030,6,17,18,0.0
2830,CZ_OCGT,2030,6,19,20,0.0
2831,CZ_OCGT,2030,6,21,22,0.0
2832,CZ_OCGT,2030,6,23,24,0.0
2833,CZ_OCGT,2030,7,1,2,0.0
2834,CZ_OCGT,2030,7,3,4,0.0
2835,CZ_OCGT,2030,7,5,6,0.0
2836,CZ_OCGT,2030,7,7,8,0.0
2837,CZ_OCGT,2030,7,9,10,0.0
2838,CZ_OCGT,2030,7,11,12,0.0
2839,CZ_OCGT,2030,7,13,14,0.0
2840,CZ_OCGT,2030,7,15,16,0.0
2841,CZ_OCGT,2030,7,17,18,0.0
2842,CZ_OCGT,2030,7,19,20,0.0
2843,CZ_OCGT,2030,7,21,22,0.0
2844,CZ_OCGT,2030,7,23,24,0.0
2845,CZ_OCGT,2030,8,1,2,0.0
2846,CZ_OCGT,2030,8,3,4,0.0
2847,CZ_OCGT,2030,8,5,6,0.0
2848,CZ_OCGT,2030,8,7,8,0.0
2849,CZ_OCGT,2030,8,9,10,0.0
2850,CZ_OCGT,2030,8,11,12,0.0
2851,CZ_OCGT,2030,8,13,14,0.0
2852,CZ_OCGT,2030,8,15,16,0.0
2853,CZ_OCGT,2030,8,17,18,0.0
2854,CZ_OCGT,2030,8,19,20,0.0
2855,CZ_OCGT,2030,8,21,22,0.0
2856,CZ_OCGT,2030,8,23,24,0.0
2857,CZ_OCGT,2030,9,1,2,0.0
2858,CZ_OCGT,2030,9,3,4,0.0
2859,CZ_OCGT,2030,9,5,6,0.0
2860,CZ_OCGT,2030,9,7,8,0.0
2861,CZ_OCGT,2030,9,9,10,0.0
2862,CZ_OCGT,2030,9,11,12,0.0
2863,CZ_OCGT,2030,9,13,14,0.0
2864,CZ_OCGT,2030,9,15,16,0.0
2865,CZ_OCGT,2030,9,17,18,0.0
2866,CZ_OCGT,2030,9,19,20,0.0
2867,CZ_OCGT,2030,9,21,22,0.0
2868,CZ_OCGT,2030,9,23,24,0.0
2869,CZ_OCGT,2030,10,1,2,0.0
2870,CZ_OCGT,2030,10,3,4,0.0
2871,CZ_OCGT,2030,10,5,6,0.0
2872,CZ_OCGT,2030,10,7,8,0.0
2873,CZ_OCGT,2030,10,9,10,0.0
2874,CZ_OCGT,2030,10,11,12,0.0
2875,CZ_OCGT,2030,10,13,14,0.0
2876,CZ_OCGT,2030,10,15,16,0.0
2877,CZ_OCGT,2030,10,17,18,0.0
2878,CZ_OCGT,2030,10,19,20,0.0
2879,CZ_OCGT,2030,10,21,22,0.0
2880,CZ_OCGT,2030,10,23,24,0.0
2881,DE_CCGT,2030,1,1,2,0.0
2882,DE_CCGT,2030,1,3,4,0.0
2883,DE_CCGT,2030,1,5,6,0.0
2884,DE_CCGT,2030,1,7,8,0.0
2885,DE_CCGT,2030,1,9,10,0.0
2886,DE_CCGT,2030,1,11,12,0.0
2887,DE_CCGT,2030,1,13,14,0.0
2888,DE_CCGT,2030,1,15,16,0.0
2889,DE_CCGT,2030,1,17,18,0.0
2890,DE_CCGT,2030,1,19,20,0.0
2891,DE_CCGT,2030,1,21,22,0.0
2892,DE_CCGT,2030,1,23,24,0.0
2893,DE_CCGT,2030,2,1,2,0.0
2894,DE_CCGT,2030,2,3,4,0.0
2895,DE_CCGT,2030,2,5,6,0.0
2896,DE_CCGT,2030,2,7,8,0.0
2897,DE_CCGT,2030,2,9,10,0.0
2898,DE_CCGT,2030,2,11,12,0.0
2899,DE_CCGT,2030,2,13,14,0.0
2900,DE_CCGT,2030,2,15,16,0.0
2901,DE_CCGT,2030,2,17,18,0.0
2902,DE_CCGT,2030,2,19,20,0.0
2903,DE_CCGT,2030,2,21,22,0.0
2904,DE_CCGT,2030,2,23,24,0.0
2905,DE_CCGT,2030,3,1,2,0.0
2906,DE_CCGT,2030,3,3,4,0.0
2907,DE_CCGT,2030,3,5,6,0.0
2908,DE_CCGT,2030,3,7,8,0.0
2909,DE_CCGT,2030,3,9,10,0.0
2910,DE_CCGT,2030,3,11,12,0.0
2911,DE_CCGT,2030,3,13,14,0.0
2912,DE_CCGT,2030,3,15,16,0.0
2913,DE_CCGT,2030,3,17,18,0.0
2914,DE_CCGT,2030,3,19,20,0.0
2915,DE_CCGT,2030,3,21,22,0.0
2916,DE_CCGT,2030,3,23,24,0.0
2917,DE_CCGT,2030,4,1,2,0.0
2918,DE_CCGT,2030,4,3,4,0.0
2919,DE_CCGT,2030,4,5,6,0.0
2920,DE_CCGT,2030,4,7,8,0.0
2921,DE_CCGT,2030,4,9,10,0.0
2922,DE_CCGT,2030,4,11,12,0.0
2923,DE_CCGT,2030,4,13,14,0.0
2924,DE_CCGT,2030,4,15,16,0.0
2925,DE_CCGT,2030,4,17,18,0.0
2926,DE_CCGT,2030,4,19,20,0.0
2927,DE_CCGT,2030,4,21,22,0.0
2928,DE_CCGT,2030,4,23,24,0.0
2929,DE_CCGT,2030,5,1,2,0.0
2930,DE_CCGT,2030,5,3,4,0.0
2931,DE_CCGT,2030,5,5,6,0.0
2932,DE_CCGT,2030,5,7,8,0.0
2933,DE_CCGT,2030,5,9,10,0.0
2934,DE_CCGT,2030,5,11,12,0.0
2935,DE_CCGT,2030,5,13,14,0.0
2936,DE_CCGT,2030,5,15,16,0.0
2937,DE_CCGT,2030,5,17,18,0.0
2938,DE_CCGT,2030,5,19,20,0.0
2939,DE_CCGT,2030,5,21,22,0.0
2940,DE_CCGT,2030,5,23,24,0.0
2941,DE_CCGT,2030,6,1,2,0.0
2942,DE_CCGT,2030,6,3,4,0.0
2943,DE_CCGT,2030,6,5,6,0.0
2944,DE_CCGT,2030,6,7,8,0.0
2945,DE_CCGT,2030,6,9,10,0.0
2946,DE_CCGT,2030,6,11,12,0.0
2947,DE_CCGT,2030,6,13,14,0.0
2948,DE_CCGT,2030,6,15,16,0.0
2949,DE_CCGT,2030,6,17,18,0.0
2950,DE_CCGT,2030,6,19,20,0.0
2951,DE_CCGT,2030,6,21,22,0.0
2952,DE_CCGT,2030,6,23,24,0.0
2953,DE_CCGT,2030,7,1,2,0.0
2954,DE_CCGT,2030,7,3,4,0.0
2955,DE_CCGT,2030,7,5,6,0.0
2956,DE_CCGT,2030,7,7,8,0.0
2957,DE_CCGT,2030,7,9,10,0.0
2958,DE_CCGT,2030,7,11,12,0.0
2959,DE_CCGT,2030,7,13,14,0.0
2960,DE_CCGT,2030,7,15,16,0.0
2961,DE_CCGT,2030,7,17,18,0.0
2962,DE_CCGT,2030,7,19,20,0.0
2963,DE_CCGT,2030,7,21,22,-1.3319999999999994
2964,DE_CCGT,2030,7,23,24,0.0
2965,DE_CCGT,2030,8,1,2,0.0
2966,DE_CCGT,2030,8,3,4,0.0
2967,DE_CCGT,2030,8,5,6,0.0
2968,DE_CCGT,2030,8,7,8,0.0
2969,DE_CCGT,2030,8,9,10,0.0
2970,DE_CCGT,2030,8,11,12,0.0
2971,DE_CCGT,2030,8,13,14,0.0
2972,DE_CCGT,2030,8,15,16,0.0
2973,DE_CCGT,2030,8,17,18,0.0
2974,DE_CCGT,2030,8,19,20,0.0
2975,DE_CCGT,2030,8,21,22,0.0
2976,DE_CCGT,2030,8,23,24,0.0
2977,DE_CCGT,2030,9,1,2,0.0
2978,DE_CCGT,2030,9,3,4,0.0
2979,DE_CCGT,2030,9,5,6,0.0
2980,DE_CCGT,2030,9,7,8,0.0
2981,DE_CCGT,2030,9,9,10,0.0
2982,DE_CCGT,2030,9,11,12,0.0
2983,DE_CCGT,2030,9,13,14,0.0
2984,DE_CCGT,2030,9,15,16,0.0
2985,DE_CCGT,2030,9,17,18,0.0
2986,DE_CCGT,2030,9,19,20,0.0
2987,DE_CCGT,2030,9,21,22,0.0
2988,DE_CCGT,2030,9,23,24,0.0
2989,DE_CCGT,2030,10,1,2,0.0
2990,DE_CCGT,2030,10,3,4,0.0
2991,DE_CCGT,2030,10,5,6,0.0
2992,DE_CCGT,2030,10,7,8,0.0
2993,DE_CCGT,2030,10,9,10,0.0
2994,DE_CCGT,2030,10,11,12,0.0
2995,DE_CCGT,2030,10,13,14,0.0
2996,DE_CCGT,2030,10,15,16,0.0
2997,DE_CCGT,2030,10,17,18,0.0
2998,DE_CCGT,2030,10,19,20,0.0
2999,DE_CCGT,2030,10,21,22,0.0
3000,DE_CCGT,2030,10,23,24,0.0
3001,DE_Coal,2030,1,1,2,0.0
3002,DE_Coal,2030,1,3,4,0.0
3003,DE_Coal,2030,1,5,6,0.0
3004,DE_Coal,2030,1,7,8,0.0
3005,DE_Coal,2030,1,9,10,0.0
3006,DE_Coal,2030,1,11,12,0.0
3007,DE_Coal,2030,1,13,14,0.0
3008,DE_Coal,2030,1,15,16,0.0
3009,DE_Coal,2030,1,17,18,0.0
3010,DE_Coal,2030,1,19,20,0.0
3011,DE_Coal,2030,1,21,22,0.0
3012,DE_Coal,2030,1,23,24,0.0
3013,DE_Coal,2030,2,1,2,0.0
3014,DE_Coal,2030,2,3,4,0.0
3015,DE_Coal,2030,2,5,6,-0.7698000000000023
3016,DE_Coal,2030,2,7,8,0.0
3017,DE_Coal,2030,2,9,10,0.0
3018,DE_Coal,2030,2,11,12,0.0
3019,DE_Coal,2030,2,13,14,0.0
3020,DE_Coal,2030,2,15,16,0.0
3021,DE_Coal,2030,2,17,18,0.0
3022,DE_Coal,2030,2,19,20,0.0
3023,DE_Coal,2030,2,21,22,0.0
3024,DE_Coal,2030,2,23,24,0.0
3025,DE_Coal,2030,3,1,2,0.0
3026,DE_Coal,2030,3,3,4,0.0
3027,DE_Coal,2030,3,5,6,0.0
3028,DE_Coal,2030,3,7,8,0.0
3029,DE_Coal,2030,3,9,10,0.0
3030,DE_Coal,2030,3,11,12,0.0
3031,DE_Coal,2030,3,13,14,0.0
3032,DE_Coal,2030,3,15,16,0.0
3033,DE_Coal,2030,3,17,18,-0.8874000000000002
3034,DE_Coal,2030,3,19,20,-0.8874000000000002
3035,DE_Coal,2030,3,21,22,0.0
3036,DE_Coal,2030,3,23,24,0.0
3037,DE_Coal,2030,4,1,2,0.0
3038,DE_Coal,2030,4,3,4,0.0
3039,DE_Coal,2030,4,5,6,0.0
3040,DE_Coal,2030,4,7,8,0.0
3041,DE_Coal,2030,4,9,10,0.0
3042,DE_Coal,2030,4,11,12,0.0
3043,DE_Coal,2030,4,13,14,0.0
3044,DE_Coal,2030,4,15,16,0.0
3045,DE_Coal,2030,4,17,18,0.0
3046,DE_Coal,2030,4,19,20,-0.7038
3047,DE_Coal,2030,4,21,22,0.0
3048,DE_Coal,2030,4,23,24,0.0
3049,DE_Coal,2030,5,1,2,0.0
3050,DE_Coal,2030,5,3,4,0.0
3051,DE_Coal,2030,5,5,6,0.0
3052,DE_Coal,2030,5,7,8,0.0
3053,DE_Coal,2030,5,9,10,0.0
3054,DE_Coal,2030,5,11,12,0.0
3055,DE_Coal,2030,5,13,14,0.0
3056,DE_Coal,2030,5,15,16,0.0
3057,DE_Coal,2030,5,17,18,0.0
3058,DE_Coal,2030,5,19,20,0.0
3059,DE_Coal,2030,5,21,22,0.0
3060,DE_Coal,2030,5,23,24,0.0
3061,DE_Coal,2030,6,1,2,0.0
3062,DE_Coal,2030,6,3,4,0.0
3063,DE_Coal,2030,6,5,6,0.0
3064,DE_Coal,2030,6,7,8,0.0
3065,DE_Coal,2030,6,9,10,0.0
3066,DE_Coal,2030,6,11,12,0.0
3067,DE_Coal,2030,6,13,14,0.0
3068,DE_Coal,2030,6,15,16,0.0
3069,DE_Coal,2030,6,17,18,0.0
3070,DE_Coal,2030,6,19,20,0.0
3071,DE_Coal,2030,6,21,22,0.0
3072,DE_Coal,2030,6,23,24,0.0
3073,DE_Coal,2030,7,1,2,0.0
3074,DE_Coal,2030,7,3,4,0.0
3075,DE_Coal,2030,7,5,6,0.0
3076,DE_Coal,2030,7,7,8,0.0
3077,DE_Coal,2030,7,9,10,0.0
3078,DE_Coal,2030,7,11,12,0.0
3079,DE_Coal,2030,7,13,14,0.0
3080,DE_Coal,2030,7,15,16,0.0
3081,DE_Coal,2030,7,17,18,0.0
3082,DE_Coal,2030,7,19,20,0.0
3083,DE_Coal,2030,7,21,22,0.0
3084,DE_Coal,2030,7,23,24,0.0
3085,DE_Coal,2030,8,1,2,0.0
3086,DE_Coal,2030,8,3,4,0.0
3087,DE_Coal,2030,8,5,6,0.0
3088,DE_Coal,2030,8,7,8,0.0
3089,DE_Coal,2030,8,9,10,0.0
3090,DE_Coal,2030,8,11,12,0.0
3091,DE_Coal,2030,8,13,14,0.0
3092,DE_Coal,2030,8,15,16,0.0
3093,DE_Coal,2030,8,17,18,0.0
3094,DE_Coal,2030,8,19,20,0.0
3095,DE_Coal,2030,8,21,22,0.0
3096,DE_Coal,2030,8,23,24,0.0
3097,DE_Coal,2030,9,1,2,0.0
3098,DE_Coal,2030,9,3,4,0.0
3099,DE_Coal,2030,9,5,6,0.0
3100,DE_Coal,2030,9,7,8,0.0
3101,DE_Coal,2030,9,9,10,0.0
3102,DE_Coal,2030,9,11,12,0.0
3103,DE_Coal,2030,9,13,14,0.0
3104,DE_Coal,2030,9,15,16,0.0
3105,DE_Coal,2030,9,17,18,0.0
3106,DE_Coal,2030,9,19,20,0.0
3107,DE_Coal,2030,9,21,22,0.0
3108,DE_Coal,2030,9,23,24,0.0
3109,DE_Coal,2030,10,1,2,0.0
3110,DE_Coal,2030,10,3,4,0.0
3111,DE_Coal,2030,10,5,6,0.0
3112,DE_Coal,2030,10,7,8,0.0
3113,DE_Coal,2030,10,9,10,0.0
3114,DE_Coal,2030,10,11,12,0.0
3115,DE_Coal,2030,10,13,14,0.0
3116,DE_Coal,2030,10,15,16,0.0
3117,DE_Coal,2030,10,17,18,0.0
3118,DE_Coal,2030,10,19,20,0.0
3119,DE_Coal,2030,10,21,22,0.0
3120,DE_Coal,2030,10,23,24,0.0
3121,DE_Nuclear,2030,1,1,2,0.0
3122,DE_Nuclear,2030,1,3,4,0.0
3123,DE_Nuclear,2030,1,5,6,0.0
3124,DE_Nuclear,2030,1,7,8,0.0
3125,DE_Nuclear,2030,1,9,10,0.0
3126,DE_Nuclear,2030,1,11,12,0.0
3127,DE_Nuclear,2030,1,13,14,0.0
3128,DE_Nuclear,2030,1,15,16,0.0
3129,DE_Nuclear,2030,1,17,18,0.0
3130,DE_Nuclear,2030,1,19,20,0.0
3131,DE_Nuclear,2030,1,21,22,0.0
3132,DE_Nuclear,2030,1,23,24,0.0
3133,DE_Nuclear,2030,2,1,2,0.0
3134,DE_Nuclear,2030,2,3,4,0.0
3135,DE_Nuclear,2030,2,5,6,0.0
3136,DE_Nuclear,2030,2,7,8,0.0
3137,DE_Nuclear,2030,2,9,10,0.0
3138,DE_Nuclear,2030,2,11,12,0.0
3139,DE_Nuclear,2030,2,13,14,0.0
3140,DE_Nuclear,2030,2,15,16,0.0
3141,DE_Nuclear,2030,2,17,18,0.0
3142,DE_Nuclear,2030,2,19,20,0.0
3143,DE_Nuclear,2030,2,21,22,0.0
3144,DE_Nuclear,2030,2,23,24,0.0
3145,DE_Nuclear,2030,3,1,2,0.0
3146,DE_Nuclear,2030,3,3,4,0.0
3147,DE_Nuclear,2030,3,5,6,0.0
3148,DE_Nuclear,2030,3,7,8,0.0
3149,DE_Nuclear,2030,3,9,10,0.0
3150,DE_Nuclear,2030,3,11,12,0.0
3151,DE_Nuclear,2030,3,13,14,0.0
3152,DE_Nuclear,2030,3,15,16,0.0
3153,DE_Nuclear,2030,3,17,18,0.0
3154,DE_Nuclear,2030,3,19,20,0.0
3155,DE_Nuclear,2030,3,21,22,0.0
3156,DE_Nuclear,2030,3,23,24,0.0
3157,DE_Nuclear,2030,4,1,2,0.0
3158,DE_Nuclear,2030,4,3,4,0.0
3159,DE_Nuclear,2030,4,5,6,0.0
3160,DE_Nuclear,2030,4,7,8,0.0
3161,DE_Nuclear,2030,4,9,10,0.0
3162,DE_Nuclear,2030,4,11,12,0.0
3163,DE_Nuclear,2030,4,13,14,0.0
3164,DE_Nuclear,2030,4,15,16,0.0
3165,DE_Nuclear,2030,4,17,18,0.0
3166,DE_Nuclear,2030,4,19,20,0.0
3167,DE_Nuclear,2030,4,21,22,0.0
3168,DE_Nuclear,2030,4,23,24,0.0
3169,DE_Nuclear,2030,5,1,2,0.0
3170,DE_Nuclear,2030,5,3,4,0.0
3171,DE_Nuclear,2030,5,5,6,0.0
3172,DE_Nuclear,2030,5,7,8,0.0
3173,DE_Nuclear,2030,5,9,10,0.0
3174,DE_Nuclear,2030,5,11,12,0.0
3175,DE_Nuclear,2030,5,13,14,0.0
3176,DE_Nuclear,2030,5,15,16,0.0
3177,DE_Nuclear,2030,5,17,18,0.0
3178,DE_Nuclear,2030,5,19,20,0.0
3179,DE_Nuclear,2030,5,21,22,0.0
3180,DE_Nuclear,2030,5,23,24,0.0
3181,DE_Nuclear,2030,6,1,2,0.0
3182,DE_Nuclear,2030,6,3,4,0.0
3183,DE_Nuclear,2030,6,5,6,0.0
3184,DE_Nuclear,2030,6,7,8,0.0
3185,DE_Nuclear,2030,6,9,10,0.0
3186,DE_Nuclear,2030,6,11,12,0.0
3187,DE_Nuclear,2030,6,13,14,0.0
3188,DE_Nuclear,2030,6,15,16,0.0
3189,DE_Nuclear,2030,6,17,18,0.0
3190,DE_Nuclear,2030,6,19,20,0.0
3191,DE_Nuclear,2030,6,21,22,0.0
3192,DE_Nuclear,2030,6,23,24,0.0
3193,DE_Nuclear,2030,7,1,2,0.0
3194,DE_Nuclear,2030,7,3,4,0.0
3195,DE_Nuclear,2030,7,5,6,0.0
3196,DE_Nuclear,2030,7,7,8,0.0
3197,DE_Nuclear,2030,7,9,10,0.0
3198,DE_Nuclear,2030,7,11,12,0.0
3199,DE_Nuclear,2030,7,13,14,0.0
3200,DE_Nuclear,2030,7,15,16,0.0
3201,DE_Nuclear,2030,7,17,18,0.0
3202,DE_Nuclear,2030,7,19,20,0.0
3203,DE_Nuclear,2030,7,21,22,0.0
3204,DE_Nuclear,2030,7,23,24,0.0
3205,DE_Nuclear,2030,8,1,2,0.0
3206,DE_Nuclear,2030,8,3,4,0.0
3207,DE_Nuclear,2030,8,5,6,0.0
3208,DE_Nuclear,2030,8,7,8,0.0
3209,DE_Nuclear,2030,8,9,10,0.0
3210,DE_Nuclear,2030,8,11,12,0.0
3211,DE_Nuclear,2030,8,13,14,0.0
3212,DE_Nuclear,2030,8,15,16,0.0
3213,DE_Nuclear,2030,8,17,18,0.0
3214,DE_Nuclear,2030,8,19,20,0.0
3215,DE_Nuclear,2030,8,21,22,0.0
3216,DE_Nuclear,2030,8,23,24,0.0
3217,DE_Nuclear,2030,9,1,2,0.0
3218,DE_Nuclear,2030,9,3,4,0.0
3219,DE_Nuclear,2030,9,5,6,0.0
3220,DE_Nuclear,2030,9,7,8,0.0
3221,DE_Nuclear,2030,9,9,10,0.0
3222,DE_Nuclear,2030,9,11,12,0.0
3223,DE_Nuclear,2030,9,13,14,0.0
3224,DE_Nuclear,2030,9,15,16,0.0
3225,DE_Nuclear,2030,9,17,18,0.0
3226,DE_Nuclear,2030,9,19,20,0.0
3227,DE_Nuclear,2030,9,21,22,0.0
3228,DE_Nuclear,2030,9,23,24,0.0
3229,DE_Nuclear,2030,10,1,2,0.0
3230,DE_Nuclear,2030,10,3,4,0.0
3231,DE_Nuclear,2030,10,5,6,0.0
3232,DE_Nuclear,2030,10,7,8,0.0
3233,DE_Nuclear,2030,10,9,10,0.0
3234,DE_Nuclear,2030,10,11,12,0.0
3235,DE_Nuclear,2030,10,13,14,0.0
3236,DE_Nuclear,2030,10,15,16,0.0
3237,DE_Nuclear,2030,10,17,18,0.0
3238,DE_Nuclear,2030,10,19,20,0.0
3239,DE_Nuclear,2030,10,21,22,0.0
3240,DE_Nuclear,2030,10,23,24,0.0
3241,DE_OCGT,2030,1,1,2,0.0
3242,DE_OCGT,2030,1,3,4,0.0
3243,DE_OCGT,2030,1,5,6,0.0
3244,DE_OCGT,2030,1,7,8,0.0
3245,DE_OCGT,2030,1,9,10,0.0
3246,DE_OCGT,2030,1,11,12,0.0
3247,DE_OCGT,2030,1,13,14,0.0
3248,DE_OCGT,2030,1,15,16,0.0
3249,DE_OCGT,2030,1,17,18,0.0
3250,DE_OCGT,2030,1,19,20,0.0
3251,DE_OCGT,2030,1,21,22,0.0
3252,DE_OCGT,2030,1,23,24,0.0
3253,DE_OCGT,2030,2,1,2,0.0
3254,DE_OCGT,2030,2,3,4,0.0
3255,DE_OCGT,2030,2,5,6,0.0
3256,DE_OCGT,2030,2,7,8,0.0
3257,DE_OCGT,2030,2,9,10,0.0
3258,DE_OCGT,2030,2,11,12,0.0
3259,DE_OCGT,2030,2,13,14,0.0
3260,DE_OCGT,2030,2,15,16,0.0
3261,DE_OCGT,2030,2,17,18,0.0
3262,DE_OCGT,2030,2,19,20,0.0
3263,DE_OCGT,2030,2,21,22,0.0
3264,DE_OCGT,2030,2,23,24,0.0
3265,DE_OCGT,2030,3,1,2,0.0
3266,DE_OCGT,2030,3,3,4,0.0
3267,DE_OCGT,2030,3,5,6,0.0
3268,DE_OCGT,2030,3,7,8,0.0
3269,DE_OCGT,2030,3,9,10,0.0
3270,DE_OCGT,2030,3,11,12,0.0
3271,DE_OCGT,2030,3,13,14,0.0
3272,DE_OCGT,2030,3,15,16,0.0
3273,DE_OCGT,2030,3,17,18,0.0
3274,DE_OCGT,2030,3,19,20,0.0
3275,DE_OCGT,2030,3,21,22,0.0
3276,DE_OCGT,2030,3,23,24,0.0
3277,DE_OCGT,2030,4,1,2,0.0
3278,DE_OCGT,2030,4,3,4,0.0
3279,DE_OCGT,2030,4,5,6,0.0
3280,DE_OCGT,2030,4,7,8,0.0
3281,DE_OCGT,2030,4,9,10,0.0
3282,DE_OCGT,2030,4,11,12,0.0
3283,DE_OCGT,2030,4,13,14,0.0
3284,DE_OCGT,2030,4,15,16,0.0
3285,DE_OCGT,2030,4,17,18,0.0
3286,DE_OCGT,2030,4,19,20,0.0
3287,DE_OCGT,2030,4,21,22,0.0
3288,DE_OCGT,2030,4,23,24,0.0
3289,DE_OCGT,2030,5,1,2,0.0
3290,DE_OCGT,2030,5,3,4,0.0
3291,DE_OCGT,2030,5,5,6,0.0
3292,DE_OCGT,2030,5,7,8,0.0
3293,DE_OCGT,2030,5,9,10,0.0
3294,DE_OCGT,2030,5,11,12,0.0
3295,DE_OCGT,2030,5,13,14,0.0
3296,DE_OCGT,2030,5,15,16,0.0
3297,DE_OCGT,2030,5,17,18,0.0
3298,DE_OCGT,2030,5,19,20,0.0
3299,DE_OCGT,2030,5,21,22,0.0
3300,DE_OCGT,2030,5,23,24,0.0
3301,DE_OCGT,2030,6,1,2,0.0
3302,DE_OCGT,2030,6,3,4,0.0
3303,DE_OCGT,2030,6,5,6,0.0
3304,DE_OCGT,2030,6,7,8,0.0
3305,DE_OCGT,2030,6,9,10,0.0
3306,DE_OCGT,2030,6,11,12,0.0
3307,DE_OCGT,2030,6,13,14,0.0
3308,DE_OCGT,2030,6,15,16,0.0
3309,DE_OCGT,2030,6,17,18,0.0
3310,DE_OCGT,2030,6,19,20,0.0
3311,DE_OCGT,2030,6,21,22,0.0
3312,DE_OCGT,2030,6,23,24,0.0
3313,DE_OCGT,2030,7,1,2,0.0
3314,DE_OCGT,2030,7,3,4,0.0
3315,DE_OCGT,2030,7,5,6,0.0
3316,DE_OCGT,2030,7,7,8,0.0
3317,DE_OCGT,2030,7,9,10,0.0
3318,DE_OCGT,2030,7,11,12,0.0
3319,DE_OCGT,2030,7,13,14,0.0
3320,DE_OCGT,2030,7,15,16,0.0
3321,DE_OCGT,2030,7,17,18,0.0
3322,DE_OCGT,2030,7,19,20,0.0
3323,DE_OCGT,2030,7,21,22,0.0
3324,DE_OCGT,2030,7,23,24,0.0
3325,DE_OCGT,2030,8,1,2,0.0
3326,DE_OCGT,2030,8,3,4,0.0
3327,DE_OCGT,2030,8,5,6,0.0
3328,DE_OCGT,2030,8,7,8,0.0
3329,DE_OCGT,2030,8,9,10,0.0
3330,DE_OCGT,2030,8,11,12,0.0
3331,DE_OCGT,2030,8,13,14,0.0
3332,DE_OCGT,2030,8,15,16,0.0
3333,DE_OCGT,2030,8,17,18,0.0
3334,DE_OCGT,2030,8,19,20,0.0
3335,DE_OCGT,2030,8,21,22,0.0
3336,DE_OCGT,2030,8,23,24,0.0
3337,DE_OCGT,2030,9,1,2,0.0
3338,DE_OCGT,2030,9,3,4,0.0
3339,DE_OCGT,2030,9,5,6,0.0
3340,DE_OCGT,2030,9,7,8,0.0
3341,DE_OCGT,2030,9,9,10,0.0
3342,DE_OCGT,2030,9,11,12,0.0
3343,DE_OCGT,2030,9,13,14,0.0
3344,DE_OCGT,2030,9,15,16,0.0
3345,DE_OCGT,2030,9,17,18,0.0
3346,DE_OCGT,2030,9,19,20,0.0
3347,DE_OCGT,2030,9,21,22,0.0
3348,DE_OCGT,2030,9,23,24,0.0
3349,DE_OCGT,2030,10,1,2,0.0
3350,DE_OCGT,2030,10,3,4,0.0
3351,DE_OCGT,2030,10,5,6,0.0
3352,DE_OCGT,2030,10,7,8,0.0
3353,DE_OCGT,2030,10,9,10,0.0
3354,DE_OCGT,2030,10,11,12,0.0
3355,DE_OCGT,2030,10,13,14,0.0
3356,DE_OCGT,2030,10,15,16,0.0
3357,DE_OCGT,2030,10,17,18,0.0
3358,DE_OCGT,2030,10,19,20,0.0
3359,DE_OCGT,2030,10,21,22,0.0
3360,DE_OCGT,2030,10,23,24,0.0
3361,DK_CCGT,2030,1,1,2,0.0
3362,DK_CCGT,2030,1,3,4,0.0
3363,DK_CCGT,2030,1,5,6,0.0
3364,DK_CCGT,2030,1,7,8,0.0
3365,DK_CCGT,2030,1,9,10,0.0
3366,DK_CCGT,2030,1,11,12,0.0
3367,DK_CCGT,2030,1,13,14,0.0
3368,DK_CCGT,2030,1,15,16,0.0
3369,DK_CCGT,2030,1,17,18,0.0
3370,DK_CCGT,2030,1,19,20,0.0
3371,DK_CCGT,2030,1,21,22,0.0
3372,DK_CCGT,2030,1,23,24,0.0
3373,DK_CCGT,2030,2,1,2,0.0
3374,DK_CCGT,2030,2,3,4,0.0
3375,DK_CCGT,2030,2,5,6,0.0
3376,DK_CCGT,2030,2,7,8,0.0
3377,DK_CCGT,2030,2,9,10,0.0
3378,DK_CCGT,2030,2,11,12,0.0
3379,DK_CCGT,2030,2,13,14,0.0
3380,DK_CCGT,2030,2,15,16,0.0
3381,DK_CCGT,2030,2,17,18,0.0
3382,DK_CCGT,2030,2,19,20,0.0
3383,DK_CCGT,2030,2,21,22,0.0
3384,DK_CCGT,2030,2,23,24,0.0
3385,DK_CCGT,2030,3,1,2,0.0
3386,DK_CCGT,2030,3,3,4,0.0
3387,DK_CCGT,2030,3,5,6,0.0
3388,DK_CCGT,2030,3,7,8,0.0
3389,DK_CCGT,2030,3,9,10,0.0
3390,DK_CCGT,2030,3,11,12,0.0
3391,DK_CCGT,2030,3,13,14,0.0
3392,DK_CCGT,2030,3,15,16,0.0
3393,DK_CCGT,2030,3,17,18,0.0
3394,DK_CCGT,2030,3,19,20,0.0
3395,DK_CCGT,2030,3,21,22,0.0
3396,DK_CCGT,2030,3,23,24,0.0
3397,DK_CCGT,2030,4,1,2,0.0
3398,DK_CCGT,2030,4,3,4,0.0
3399,DK_CCGT,2030,4,5,6,0.0
3400,DK_CCGT,2030,4,7,8,0.0
3401,DK_CCGT,2030,4,9,10,0.0
3402,DK_CCGT,2030,4,11,12,0.0
3403,DK_CCGT,2030,4,13,14,0.0
3404,DK_CCGT,2030,4,15,16,0.0
3405,DK_CCGT,2030,4,17,18,0.0
3406,DK_CCGT,2030,4,19,20,0.0
3407,DK_CCGT,2030,4,21,22,0.0
3408,DK_CCGT,2030,4,23,24,0.0
3409,DK_CCGT,2030,5,1,2,0.0
3410,DK_CCGT,2030,5,3,4,0.0
3411,DK_CCGT,2030,5,5,6,0.0
3412,DK_CCGT,2030,5,7,8,0.0
3413,DK_CCGT,2030,5,9,10,0.0
3414,DK_CCGT,2030,5,11,12,0.0
3415,DK_CCGT,2030,5,13,14,0.0
3416,DK_CCGT,2030,5,15,16,0.0
3417,DK_CCGT,2030,5,17,18,0.0
3418,DK_CCGT,2030,5,19,20,0.0
3419,DK_CCGT,2030,5,21,22,0.0
3420,DK_CCGT,2030,5,23,24,0.0
3421,DK_CCGT,2030,6,1,2,0.0
3422,DK_CCGT,2030,6,3,4,0.0
3423,DK_CCGT,2030,6,5,6,0.0
3424,DK_CCGT,2030,6,7,8,0.0
3425,DK_CCGT,2030,6,9,10,0.0
3426,DK_CCGT,2030,6,11,12,0.0
3427,DK_CCGT,2030,6,13,14,0.0
3428,DK_CCGT,2030,6,15,16,0.0
3429,DK_CCGT,2030,6,17,18,0.0
3430,DK_CCGT,2030,6,19,20,0.0
3431,DK_CCGT,2030,6,21,22,0.0
3432,DK_CCGT,2030,6,23,24,0.0
3433,DK_CCGT,2030,7,1,2,0.0
3434,DK_CCGT,2030,7,3,4,0.0
3435,DK_CCGT,2030,7,5,6,0.0
3436,DK_CCGT,2030,7,7,8,0.0
3437,DK_CCGT,2030,7,9,10,0.0
3438,DK_CCGT,2030,7,11,12,0.0
3439,DK_CCGT,2030,7,13,14,0.0
3440,DK_CCGT,2030,7,15,16,0.0
3441,DK_CCGT,2030,7,17,18,0.0
3442,DK_CCGT,2030,7,19,20,0.0
3443,DK_CCGT,2030,7,21,22,0.0
3444,DK_CCGT,2030,7,23,24,0.0
3445,DK_CCGT,2030,8,1,2,0.0
3446,DK_CCGT,2030,8,3,4,0.0
3447,DK_CCGT,2030,8,5,6,0.0
3448,DK_CCGT,2030,8,7,8,0.0
3449,DK_CCGT,2030,8,9,10,0.0
3450,DK_CCGT,2030,8,11,12,0.0
3451,DK_CCGT,2030,8,13,14,0.0
3452,DK_CCGT,2030,8,15,16,0.0
3453,DK_CCGT,2030,8,17,18,0.0
3454,DK_CCGT,2030,8,19,20,0.0
3455,DK_CCGT,2030,8,21,22,0.0
3456,DK_CCGT,2030,8,23,24,0.0
3457,DK_CCGT,2030,9,1,2,0.0
3458,DK_CCGT,2030,9,3,4,0.0
3459,DK_CCGT,2030,9,5,6,0.0
3460,DK_CCGT,2030,9,7,8,0.0
3461,DK_CCGT,2030,9,9,10,0.0
3462,DK_CCGT,2030,9,11,12,0.0
3463,DK_CCGT,2030,9,13,14,0.0
3464,DK_CCGT,2030,9,15,16,0.0
3465,DK_CCGT,2030,9,17,18,0.0
3466,DK_CCGT,2030,9,19,20,0.0
3467,DK_CCGT,2030,9,21,22,0.0
3468,DK_CCGT,2030,9,23,24,0.0
3469,DK_CCGT,2030,10,1,2,0.0
3470,DK_CCGT,2030,10,3,4,0.0
3471,DK_CCGT,2030,10,5,6,0.0
3472,DK_CCGT,2030,10,7,8,0.0
3473,DK_CCGT,2030,10,9,10,0.0
3474,DK_CCGT,2030,10,11,12,0.0
3475,DK_CCGT,2030,10,13,14,0.0
3476,DK_CCGT,2030,10,15,16,0.0
3477,DK_CCGT,2030,10,17,18,0.0
3478,DK_CCGT,2030,10,19,20,0.0
3479,DK_CCGT,2030,10,21,22,0.0
3480,DK_CCGT,2030,10,23,24,0.0
3481,DK_Coal,2030,1,1,2,0.0
3482,DK_Coal,2030,1,3,4,0.0
3483,DK_Coal,2030,1,5,6,0.0
3484,DK_Coal,2030,1,7,8,0.0
3485,DK_Coal,2030,1,9,10,0.0
3486,DK_Coal,2030,1,11,12,0.0
3487,DK_Coal,2030,1,13,14,0.0
3488,DK_Coal,2030,1,15,16,0.0
3489,DK_Coal,2030,1,17,18,0.0
3490,DK_Coal,2030,1,19,20,0.0
3491,DK_Coal,2030,1,21,22,0.0
3492,DK_Coal,2030,1,23,24,0.0
3493,DK_Coal,2030,2,1,2,0.0
3494,DK_Coal,2030,2,3,4,0.0
3495,DK_Coal,2030,2,5,6,0.0
3496,DK_Coal,2030,2,7,8,0.0
3497,DK_Coal,2030,2,9,10,0.0
3498,DK_Coal,2030,2,11,12,0.0
3499,DK_Coal,2030,2,13,14,0.0
3500,DK_Coal,2030,2,15,16,0.0
3501,DK_Coal,2030,2,17,18,0.0
3502,DK_Coal,2030,2,19,20,0.0
3503,DK_Coal,2030,2,21,22,0.0
3504,DK_Coal,2030,2,23,24,0.0
3505,DK_Coal,2030,3,1,2,0.0
3506,DK_Coal,2030,3,3,4,0.0
3507,DK_Coal,2030,3,5,6,0.0
3508,DK_Coal,2030,3,7,8,0.0
3509,DK_Coal,2030,3,9,10,0.0
3510,DK_Coal,2030,3,11,12,0.0
3511,DK_Coal,2030,3,13,14,0.0
3512,DK_Coal,2030,3,15,16,0.0
3513,DK_Coal,2030,3,17,18,0.0
3514,DK_Coal,2030,3,19,20,0.0
3515,DK_Coal,2030,3,21,22,0.0
3516,DK_Coal,2030,3,23,24,0.0
3517,DK_Coal,2030,4,1,2,0.0
3518,DK_Coal,2030,4,3,4,0.0
3519,DK_Coal,2030,4,5,6,0.0
3520,DK_Coal,2030,4,7,8,0.0
3521,DK_Coal,2030,4,9,10,0.0
3522,DK_Coal,2030,4,11,12,0.0
3523,DK_Coal,2030,4,13,14,0.0
3524,DK_Coal,2030,4,15,16,0.0
3525,DK_Coal,2030,4,17,18,0.0
3526,DK_Coal,2030,4,19,20,0.0
3527,DK_Coal,2030,4,21,22,0.0
3528,DK_Coal,2030,4,23,24,0.0
3529,DK_Coal,2030,5,1,2,0.0
3530,DK_Coal,2030,5,3,4,0.0
3531,DK_Coal,2030,5,5,6,0.0
3532,DK_Coal,2030,5,7,8,0.0
3533,DK_Coal,2030,5,9,10,0.0
3534,DK_Coal,2030,5,11,12,0.0
3535,DK_Coal,2030,5,13,14,0.0
3536,DK_Coal,2030,5,15,16,0.0
3537,DK_Coal,2030,5,17,18,0.0
3538,DK_Coal,2030,5,19,20,0.0
3539,DK_Coal,2030,5,21,22,0.0
3540,DK_Coal,2030,5,23,24,0.0
3541,DK_Coal,2030,6,1,2,0.0
3542,DK_Coal,2030,6,3,4,0.0
3543,DK_Coal,2030,6,5,6,0.0
3544,DK_Coal,2030,6,7,8,0.0
3545,DK_Coal,2030,6,9,10,0.0
3546,DK_Coal,2030,6,11,12,0.0
3547,DK_Coal,2030,6,13,14,0.0
3548,DK_Coal,2030,6,15,16,0.0
3549,DK_Coal,2030,6,17,18,0.0
3550,DK_Coal,2030,6,19,20,0.0
3551,DK_Coal,2030,6,21,22,0.0
3552,DK_Coal,2030,6,23,24,0.0
3553,DK_Coal,2030,7,1,2,0.0
3554,DK_Coal,2030,7,3,4,0.0
3555,DK_Coal,2030,7,5,6,0.0
3556,DK_Coal,2030,7,7,8,0.0
3557,DK_Coal,2030,7,9,10,0.0
3558,DK_Coal,2030,7,11,12,0.0
3559,DK_Coal,2030,7,13,14,0.0
3560,DK_Coal,2030,7,15,16,0.0
3561,DK_Coal,2030,7,17,18,0.0
3562,DK_Coal,2030,7,19,20,0.0
3563,DK_Coal,2030,7,21,22,0.0
3564,DK_Coal,2030,7,23,24,0.0
3565,DK_Coal,2030,8,1,2,0.0
3566,DK_Coal,2030,8,3,4,0.0
3567,DK_Coal,2030,8,5,6,0.0
3568,DK_Coal,2030,8,7,8,0.0
3569,DK_Coal,2030,8,9,10,0.0
3570,DK_Coal,2030,8,11,12,0.0
3571,DK_Coal,2030,8,13,14,0.0
3572,DK_Coal,2030,8,15,16,0.0
3573,DK_Coal,2030,8,17,18,0.0
3574,DK_Coal,2030,8,19,20,0.0
3575,DK_Coal,2030,8,21,22,0.0
3576,DK_Coal,2030,8,23,24,0.0
3577,DK_Coal,2030,9,1,2,0.0
3578,DK_Coal,2030,9,3,4,0.0
3579,DK_Coal,2030,9,5,6,0.0
3580,DK_Coal,2030,9,7,8,0.0
3581,DK_Coal,2030,9,9,10,0.0
3582,DK_Coal,2030,9,11,12,0.0
3583,DK_Coal,2030,9,13,14,0.0
3584,DK_Coal,2030,9,15,16,0.0
3585,DK_Coal,2030,9,17,18,0.0
3586,DK_Coal,2030,9,19,20,0.0
3587,DK_Coal,2030,9,21,22,0.0
3588,DK_Coal,2030,9,23,24,0.0
3589,DK_Coal,2030,10,1,2,0.0
3590,DK_Coal,2030,10,3,4,0.0
3591,DK_Coal,2030,10,5,6,0.0
3592,DK_Coal,2030,10,7,8,0.0
3593,DK_Coal,2030,10,9,10,0.0
3594,DK_Coal,2030,10,11,12,0.0
3595,DK_Coal,2030,10,13,14,0.0
3596,DK_Coal,2030,10,15,16,0.0
3597,DK_Coal,2030,10,17,18,0.0
3598,DK_Coal,2030,10,19,20,0.0
3599,DK_Coal,2030,10,21,22,0.0
3600,DK_Coal,2030,10,23,24,0.0
3601,DK_Nuclear,2030,1,1,2,0.0
3602,DK_Nuclear,2030,1,3,4,0.0
3603,DK_Nuclear,2030,1,5,6,0.0
3604,DK_Nuclear,2030,1,7,8,0.0
3605,DK_Nuclear,2030,1,9,10,0.0
3606,DK_Nuclear,2030,1,11,12,0.0
3607,DK_Nuclear,2030,1,13,14,0.0
3608,DK_Nuclear,2030,1,15,16,0.0
3609,DK_Nuclear,2030,1,17,18,0.0
3610,DK_Nuclear,2030,1,19,20,0.0
3611,DK_Nuclear,2030,1,21,22,0.0
3612,DK_Nuclear,2030,1,23,24,0.0
3613,DK_Nuclear,2030,2,1,2,0.0
3614,DK_Nuclear,2030,2,3,4,0.0
3615,DK_Nuclear,2030,2,5,6,0.0
3616,DK_Nuclear,2030,2,7,8,0.0
3617,DK_Nuclear,2030,2,9,10,0.0
3618,DK_Nuclear,2030,2,11,12,0.0
3619,DK_Nuclear,2030,2,13,14,0.0
3620,DK_Nuclear,2030,2,15,16,0.0
3621,DK_Nuclear,2030,2,17,18,0.0
3622,DK_Nuclear,2030,2,19,20,0.0
3623,DK_Nuclear,2030,2,21,22,0.0
3624,DK_Nuclear,2030,2,23,24,0.0
3625,DK_Nuclear,2030,3,1,2,0.0
3626,DK_Nuclear,2030,3,3,4,0.0
3627,DK_Nuclear,2030,3,5,6,0.0
3628,DK_Nuclear,2030,3,7,8,0.0
3629,DK_Nuclear,2030,3,9,10,0.0
3630,DK_Nuclear,2030,3,11,12,0.0
3631,DK_Nuclear,2030,3,13,14,0.0
3632,DK_Nuclear,2030,3,15,16,0.0
3633,DK_Nuclear,2030,3,17,18,0.0
3634,DK_Nuclear,2030,3,19,20,0.0
3635,DK_Nuclear,2030,3,21,22,0.0
3636,DK_Nuclear,2030,3,23,24,0.0
3637,DK_Nuclear,2030,4,1,2,0.0
3638,DK_Nuclear,2030,4,3,4,0.0
3639,DK_Nuclear,2030,4,5,6,0.0
3640,DK_Nuclear,2030,4,7,8,0.0
3641,DK_Nuclear,2030,4,9,10,0.0
3642,DK_Nuclear,2030,4,11,12,0.0
3643,DK_Nuclear,2030,4,13,14,0.0
3644,DK_Nuclear,2030,4,15,16,0.0
3645,DK_Nuclear,2030,4,17,18,0.0
3646,DK_Nuclear,2030,4,19,20,0.0
3647,DK_Nuclear,2030,4,21,22,0.0
3648,DK_Nuclear,2030,4,23,24,0.0
3649,DK_Nuclear,2030,5,1,2,0.0
3650,DK_Nuclear,2030,5,3,4,0.0
3651,DK_Nuclear,2030,5,5,6,0.0
3652,DK_Nuclear,2030,5,7,8,0.0
3653,DK_Nuclear,2030,5,9,10,0.0
3654,DK_Nuclear,2030,5,11,12,0.0
3655,DK_Nuclear,2030,5,13,14,0.0
3656,DK_Nuclear,2030,5,15,16,0.0
3657,DK_Nuclear,2030,5,17,18,0.0
3658,DK_Nuclear,2030,5,19,20,0.0
3659,DK_Nuclear,2030,5,21,22,0.0
3660,DK_Nuclear,2030,5,23,24,0.0
3661,DK_Nuclear,2030,6,1,2,0.0
3662,DK_Nuclear,2030,6,3,4,0.0
3663,DK_Nuclear,2030,6,5,6,0.0
3664,DK_Nuclear,2030,6,7,8,0.0
3665,DK_Nuclear,2030,6,9,10,0.0
3666,DK_Nuclear,2030,6,11,12,0.0
3667,DK_Nuclear,2030,6,13,14,0.0
3668,DK_Nuclear,2030,6,15,16,0.0
3669,DK_Nuclear,2030,6,17,18,0.0
3670,DK_Nuclear,2030,6,19,20,0.0
3671,DK_Nuclear,2030,6,21,22,0.0
3672,DK_Nuclear,2030,6,23,24,0.0
3673,DK_Nuclear,2030,7,1,2,0.0
3674,DK_Nuclear,2030,7,3,4,0.0
3675,DK_Nuclear,2030,7,5,6,0.0
3676,DK_Nuclear,2030,7,7,8,0.0
3677,DK_Nuclear,2030,7,9,10,0.0
3678,DK_Nuclear,2030,7,11,12,0.0
3679,DK_Nuclear,2030,7,13,14,0.0
3680,DK_Nuclear,2030,7,15,16,0.0
3681,DK_Nuclear,2030,7,17,18,0.0
3682,DK_Nuclear,2030,7,19,20,0.0
3683,DK_Nuclear,2030,7,21,22,0.0
3684,DK_Nuclear,2030,7,23,24,0.0
3685,DK_Nuclear,2030,8,1,2,0.0
3686,DK_Nuclear,2030,8,3,4,0.0
3687,DK_Nuclear,2030,8,5,6,0.0
3688,DK_Nuclear,2030,8,7,8,0.0
3689,DK_Nuclear,2030,8,9,10,0.0
3690,DK_Nuclear,2030,8,11,12,0.0
3691,DK_Nuclear,2030,8,13,14,0.0
3692,DK_Nuclear,2030,8,15,16,0.0
3693,DK_Nuclear,2030,8,17,18,0.0
3694,DK_Nuclear,2030,8,19,20,0.0
3695,DK_Nuclear,2030,8,21,22,0.0
3696,DK_Nuclear,2030,8,23,24,0.0
3697,DK_Nuclear,2030,9,1,2,0.0
3698,DK_Nuclear,2030,9,3,4,0.0
3699,DK_Nuclear,2030,9,5,6,0.0
3700,DK_Nuclear,2030,9,7,8,0.0
3701,DK_Nuclear,2030,9,9,10,0.0
3702,DK_Nuclear,2030,9,11,12,0.0
3703,DK_Nuclear,2030,9,13,14,0.0
3704,DK_Nuclear,2030,9,15,16,0.0
3705,DK_Nuclear,2030,9,17,18,0.0
3706,DK_Nuclear,2030,9,19,20,0.0
3707,DK_Nuclear,2030,9,21,22,0.0
3708,DK_Nuclear,2030,9,23,24,0.0
3709,DK_Nuclear,2030,10,1,2,0.0
3710,DK_Nuclear,2030,10,3,4,0.0
3711,DK_Nuclear,2030,10,5,6,0.0
3712,DK_Nuclear,2030,10,7,8,0.0
3713,DK_Nuclear,2030,10,9,10,0.0
3714,DK_Nuclear,2030,10,11,12,0.0
3715,DK_Nuclear,2030,10,13,14,0.0
3716,DK_Nuclear,2030,10,15,16,0.0
3717,DK_Nuclear,2030,10,17,18,0.0
3718,DK_Nuclear,2030,10,19,20,0.0
3719,DK_Nuclear,2030,10,21,22,0.0
3720,DK_Nuclear,2030,10,23,24,0.0
3721,DK_OCGT,2030,1,1,2,0.0
3722,DK_OCGT,2030,1,3,4,0.0
3723,DK_OCGT,2030,1,5,6,0.0
3724,DK_OCGT,2030,1,7,8,0.0
3725,DK_OCGT,2030,1,9,10,0.0
3726,DK_OCGT,2030,1,11,12,0.0
3727,DK_OCGT,2030,1,13,14,0.0
3728,DK_OCGT,2030,1,15,16,0.0
3729,DK_OCGT,2030,1,17,18,0.0
3730,DK_OCGT,2030,1,19,20,0.0
3731,DK_OCGT,2030,1,21,22,0.0
3732,DK_OCGT,2030,1,23,24,0.0
3733,DK_OCGT,2030,2,1,2,0.0
3734,DK_OCGT,2030,2,3,4,0.0
3735,DK_OCGT,2030,2,5,6,0.0
3736,DK_OCGT,2030,2,7,8,0.0
3737,DK_OCGT,2030,2,9,10,0.0
3738,DK_OCGT,2030,2,11,12,0.0
3739,DK_OCGT,2030,2,13,14,0.0
3740,DK_OCGT,2030,2,15,16,0.0
3741,DK_OCGT,2030,2,17,18,0.0
3742,DK_OCGT,2030,2,19,20,0.0
3743,DK_OCGT,2030,2,21,22,0.0
3744,DK_OCGT,2030,2,23,24,0.0
3745,DK_OCGT,2030,3,1,2,0.0
3746,DK_OCGT,2030,3,3,4,0.0
3747,DK_OCGT,2030,3,5,6,0.0
3748,DK_OCGT,2030,3,7,8,0.0
3749,DK_OCGT,2030,3,9,10,0.0
3750,DK_OCGT,2030,3,11,12,0.0
3751,DK_OCGT,2030,3,13,14,0.0
3752,DK_OCGT,2030,3,15,16,0.0
3753,DK_OCGT,2030,3,17,18,0.0
3754,DK_OCGT,2030,3,19,20,0.0
3755,DK_OCGT,2030,3,21,22,0.0
3756,DK_OCGT,2030,3,23,24,0.0
3757,DK_OCGT,2030,4,1,2,0.0
3758,DK_OCGT,2030,4,3,4,0.0
3759,DK_OCGT,2030,4,5,6,0.0
3760,DK_OCGT,2030,4,7,8,0.0
3761,DK_OCGT,2030,4,9,10,0.0
3762,DK_OCGT,2030,4,11,12,0.0
3763,DK_OCGT,2030,4,13,14,0.0
3764,DK_OCGT,2030,4,15,16,0.0
3765,DK_OCGT,2030,4,17,18,0.0
3766,DK_OCGT,2030,4,19,20,0.0
3767,DK_OCGT,2030,4,21,22,0.0
3768,DK_OCGT,2030,4,23,24,0.0
3769,DK_OCGT,2030,5,1,2,0.0
3770,DK_OCGT,2030,5,3,4,0.0
3771,DK_OCGT,2030,5,5,6,0.0
3772,DK_OCGT,2030,5,7,8,0.0
3773,DK_OCGT,2030,5,9,10,0.0
3774,DK_OCGT,2030,5,11,12,0.0
3775,DK_OCGT,2030,5,13,14,0.0
3776,DK_OCGT,2030,5,15,16,0.0
3777,DK_OCGT,2030,5,17,18,0.0
3778,DK_OCGT,2030,5,19,20,0.0
3779,DK_OCGT,2030,5,21,22,0.0
3780,DK_OCGT,2030,5,23,24,0.0
3781,DK_OCGT,2030,6,1,2,0.0
3782,DK_OCGT,2030,6,3,4,0.0
3783,DK_OCGT,2030,6,5,6,0.0
3784,DK_OCGT,2030,6,7,8,0.0
3785,DK_OCGT,2030,6,9,10,0.0
3786,DK_OCGT,2030,6,11,12,0.0
3787,DK_OCGT,2030,6,13,14,0.0
3788,DK_OCGT,2030,6,15,16,0.0
3789,DK_OCGT,2030,6,17,18,0.0
3790,DK_OCGT,2030,6,19,20,0.0
3791,DK_OCGT,2030,6,21,22,0.0
3792,DK_OCGT,2030,6,23,24,0.0
3793,DK_OCGT,2030,7,1,2,0.0
3794,DK_OCGT,2030,7,3,4,0.0
3795,DK_OCGT,2030,7,5,6,0.0
3796,DK_OCGT,2030,7,7,8,0.0
3797,DK_OCGT,2030,7,9,10,0.0
3798,DK_OCGT,2030,7,11,12,0.0
3799,DK_OCGT,2030,7,13,14,0.0
3800,DK_OCGT,2030,7,15,16,0.0
3801,DK_OCGT,2030,7,17,18,0.0
3802,DK_OCGT,2030,7,19,20,0.0
3803,DK_OCGT,2030,7,21,22,0.0
3804,DK_OCGT,2030,7,23,24,0.0
3805,DK_OCGT,2030,8,1,2,0.0
3806,DK_OCGT,2030,8,3,4,0.0
3807,DK_OCGT,2030,8,5,6,0.0
3808,DK_OCGT,2030,8,7,8,0.0
3809,DK_OCGT,2030,8,9,10,0.0
3810,DK_OCGT,2030,8,11,12,0.0
3811,DK_OCGT,2030,8,13,14,0.0
3812,DK_OCGT,2030,8,15,16,0.0
3813,DK_OCGT,2030,8,17,18,0.0
3814,DK_OCGT,2030,8,19,20,0.0
3815,DK_OCGT,2030,8,21,22,0.0
3816,DK_OCGT,2030,8,23,24,0.0
3817,DK_OCGT,2030,9,1,2,0.0
3818,DK_OCGT,2030,9,3,4,0.0
3819,DK_OCGT,2030,9,5,6,0.0
3820,DK_OCGT,2030,9,7,8,0.0
3821,DK_OCGT,2030,9,9,10,0.0
3822,DK_OCGT,2030,9,11,12,0.0
3823,DK_OCGT,2030,9,13,14,0.0
3824,DK_OCGT,2030,9,15,16,0.0
3825,DK_OCGT,2030,9,17,18,0.0
3826,DK_OCGT,2030,9,19,20,0.0
3827,DK_OCGT,2030,9,21,22,0.0
3828,DK_OCGT,2030,9,23,24,0.0
3829,DK_OCGT,2030,10,1,2,0.0
3830,DK_OCGT,2030,10,3,4,0.0
3831,DK_OCGT,2030,10,5,6,0.0
3832,DK_OCGT,2030,10,7,8,0.0
3833,DK_OCGT,2030,10,9,10,0.0
3834,DK_OCGT,2030,10,11,12,0.0
3835,DK_OCGT,2030,10,13,14,0.0
3836,DK_OCGT,2030,10,15,16,0.0
3837,DK_OCGT,2030,10,17,18,0.0
3838,DK_OCGT,2030,10,19,20,0.0
3839,DK_OCGT,2030,10,21,22,0.0
3840,DK_OCGT,2030,10,23,24,0.0
3841,EE_CCGT,2030,1,1,2,0.0
3842,EE_CCGT,2030,1,3,4,0.0
3843,EE_CCGT,2030,1,5,6,0.0
3844,EE_CCGT,2030,1,7,8,0.0
3845,EE_CCGT,2030,1,9,10,0.0
3846,EE_CCGT,2030,1,11,12,0.0
3847,EE_CCGT,2030,1,13,14,0.0
3848,EE_CCGT,2030,1,15,16,-0.8850000000000025
3849,EE_CCGT,2030,1,17,18,0.0
3850,EE_CCGT,2030,1,19,20,0.0
3851,EE_CCGT,2030,1,21,22,0.0
3852,EE_CCGT,2030,1,23,24,0.0
3853,EE_CCGT,2030,2,1,2,0.0
3854,EE_CCGT,2030,2,3,4,0.0
3855,EE_CCGT,2030,2,5,6,0.0
3856,EE_CCGT,2030,2,7,8,0.0
3857,EE_CCGT,2030,2,9,10,0.0
3858,EE_CCGT,2030,2,11,12,0.0
3859,EE_CCGT,2030,2,13,14,0.0
3860,EE_CCGT,2030,2,15,16,0.0
3861,EE_CCGT,2030,2,17,18,0.0
3862,EE_CCGT,2030,2,19,20,0.0
3863,EE_CCGT,2030,2,21,22,0.0
3864,EE_CCGT,2030,2,23,24,0.0
3865,EE_CCGT,2030,3,1,2,0.0
3866,EE_CCGT,2030,3,3,4,0.0
3867,EE_CCGT,2030,3,5,6,0.0
3868,EE_CCGT,2030,3,7,8,0.0
3869,EE_CCGT,2030,3,9,10,0.0
3870,EE_CCGT,2030,3,11,12,0.0
3871,EE_CCGT,2030,3,13,14,0.0
3872,EE_CCGT,2030,3,15,16,0.0
3873,EE_CCGT,2030,3,17,18,0.0
3874,EE_CCGT,2030,3,19,20,0.0
3875,EE_CCGT,2030,3,21,22,0.0
3876,EE_CCGT,2030,3,23,24,0.0
3877,EE_CCGT,2030,4,1,2,0.0
3878,EE_CCGT,2030,4,3,4,0.0
3879,EE_CCGT,2030,4,5,6,0.0
3880,EE_CCGT,2030,4,7,8,0.0
3881,EE_CCGT,2030,4,9,10,0.0
3882,EE_CCGT,2030,4,11,12,0.0
3883,EE_CCGT,2030,4,13,14,0.0
3884,EE_CCGT,2030,4,15,16,0.0
3885,EE_CCGT,2030,4,17,18,0.0
3886,EE_CCGT,2030,4,19,20,0.0
3887,EE_CCGT,2030,4,21,22,0.0
3888,EE_CCGT,2030,4,23,24,0.0
3889,EE_CCGT,2030,5,1,2,0.0
3890,EE_CCGT,2030,5,3,4,0.0
3891,EE_CCGT,2030,5,5,6,0.0
3892,EE_CCGT,2030,5,7,8,0.0
3893,EE_CCGT,2030,5,9,10,0.0
3894,EE_CCGT,2030,5,11,12,0.0
3895,EE_CCGT,2030,5,13,14,0.0
3896,EE_CCGT,2030,5,15,16,0.0
3897,EE_CCGT,2030,5,17,18,0.0
3898,EE_CCGT,2030,5,19,20,0.0
3899,EE_CCGT,2030,5,21,22,0.0
3900,EE_CCGT,2030,5,23,24,0.0
3901,EE_CCGT,2030,6,1,2,0.0
3902,EE_CCGT,2030,6,3,4,0.0
3903,EE_CCGT,2030,6,5,6,0.0
3904,EE_CCGT,2030,6,7,8,0.0
3905,EE_CCGT,2030,6,9,10,0.0
3906,EE_CCGT,2030,6,11,12,0.0
3907,EE_CCGT,2030,6,13,14,0.0
3908,EE_CCGT,2030,6,15,16,0.0
3909,EE_CCGT,2030,6,17,18,0.0
3910,EE_CCGT,2030,6,19,20,0.0
3911,EE_CCGT,2030,6,21,22,0.0
3912,EE_CCGT,2030,6,23,24,0.0
3913,EE_CCGT,2030,7,1,2,0.0
3914,EE_CCGT,2030,7,3,4,0.0
3915,EE_CCGT,2030,7,5,6,0.0
3916,EE_CCGT,2030,7,7,8,0.0
3917,EE_CCGT,2030,7,9,10,0.0
3918,EE_CCGT,2030,7,11,12,0.0
3919,EE_CCGT,2030,7,13,14,0.0
3920,EE_CCGT,2030,7,15,16,0.0
3921,EE_CCGT,2030,7,17,18,0.0
3922,EE_CCGT,2030,7,19,20,0.0
3923,EE_CCGT,2030,7,21,22,0.0
3924,EE_CCGT,2030,7,23,24,0.0
3925,EE_CCGT,2030,8,1,2,0.0
3926,EE_CCGT,2030,8,3,4,0.0
3927,EE_CCGT,2030,8,5,6,0.0
3928,EE_CCGT,2030,8,7,8,0.0
3929,EE_CCGT,2030,8,9,10,0.0
3930,EE_CCGT,2030,8,11,12,0.0
3931,EE_CCGT,2030,8,13,14,0.0
3932,EE_CCGT,2030,8,15,16,0.0
3933,EE_CCGT,2030,8,17,18,0.0
3934,EE_CCGT,2030,8,19,20,0.0
3935,EE_CCGT,2030,8,21,22,0.0
3936,EE_CCGT,2030,8,23,24,0.0
3937,EE_CCGT,2030,9,1,2,0.0
3938,EE_CCGT,2030,9,3,4,-22.540097116999004
3939,EE_CCGT,2030,9,5,6,0.0
3940,EE_CCGT,2030,9,7,8,0.0
3941,EE_CCGT,2030,9,9,10,0.0
3942,EE_CCGT,2030,9,11,12,-1.324800000000006
3943,EE_CCGT,2030,9,13,14,-1.324800000000006
3944,EE_CCGT,2030,9,15,16,0.0
3945,EE_CCGT,2030,9,17,18,0.0
3946,EE_CCGT,2030,9,19,20,0.0
3947,EE_CCGT,2030,9,21,22,0.0
3948,EE_CCGT,2030,9,23,24,0.0
3949,EE_CCGT,2030,10,1,2,0.0
3950,EE_CCGT,2030,10,3,4,0.0
3951,EE_CCGT,2030,10,5,6,0.0
3952,EE_CCGT,2030,10,7,8,0.0
3953,EE_CCGT,2030,10,9,10,0.0
3954,EE_CCGT,2030,10,11,12,0.0
3955,EE_CCGT,2030,10,13,14,0.0
3956,EE_CCGT,2030,10,15,16,0.0
3957,EE_CCGT,2030,10,17,18,0.0
3958,EE_CCGT,2030,10,19,20,0.0
3959,EE_CCGT,2030,10,21,22,0.0
3960,EE_CCGT,2030,10,23,24,0.0
3961,EE_Coal,2030,1,1,2,0.0
3962,EE_Coal,2030,1,3,4,0.0
3963,EE_Coal,2030,1,5,6,0.0
3964,EE_Coal,2030,1,7,8,0.0
3965,EE_Coal,2030,1,9,10,0.0
3966,EE_Coal,2030,1,11,12,0.0
3967,EE_Coal,2030,1,13,14,0.0
3968,EE_Coal,2030,1,15,16,0.0
3969,EE_Coal,2030,1,17,18,0.0
3970,EE_Coal,2030,1,19,20,0.0
3971,EE_Coal,2030,1,21,22,0.0
3972,EE_Coal,2030,1,23,24,0.0
3973,EE_Coal,2030,2,1,2,0.0
3974,EE_Coal,2030,2,3,4,0.0
3975,EE_Coal,2030,2,5,6,0.0
3976,EE_Coal,2030,2,7,8,0.0
3977,EE_Coal,2030,2,9,10,0.0
3978,EE_Coal,2030,2,11,12,0.0
3979,EE_Coal,2030,2,13,14,0.0
3980,EE_Coal,2030,2,15,16,0.0
3981,EE_Coal,2030,2,17,18,0.0
3982,EE_Coal,2030,2,19,20,0.0
3983,EE_Coal,2030,2,21,22,0.0
3984,EE_Coal,2030,2,23,24,0.0
3985,EE_Coal,2030,3,1,2,0.0
3986,EE_Coal,2030,3,3,4,0.0
3987,EE_Coal,2030,3,5,6,0.0
3988,EE_Coal,2030,3,7,8,0.0
3989,EE_Coal,2030,3,9,10,0.0
3990,EE_Coal,2030,3,11,12,0.0
3991,EE_Coal,2030,3,13,14,0.0
3992,EE_Coal,2030,3,15,16,0.0
3993,EE_Coal,2030,3,17,18,0.0
3994,EE_Coal,2030,3,19,20,0.0
3995,EE_Coal,2030,3,21,22,0.0
3996,EE_Coal,2030,3,23,24,0.0
3997,EE_Coal,2030,4,1,2,0.0
3998,EE_Coal,2030,4,3,4,0.0
3999,EE_Coal,2030,4,5,6,0.0
4000,EE_Coal,2030,4,7,8,0.0
4001,EE_Coal,2030,4,9,10,0.0
4002,EE_Coal,2030,4,11,12,0.0
4003,EE_Coal,2030,4,13,14,0.0
4004,EE_Coal,2030,4,15,16,0.0
4005,EE_Coal,2030,4,17,18,0.0
4006,EE_Coal,2030,4,19,20,0.0
4007,EE_Coal,2030,4,21,22,0.0
4008,EE_Coal,2030,4,23,24,0.0
4009,EE_Coal,2030,5,1,2,0.0
4010,EE_Coal,2030,5,3,4,0.0
4011,EE_Coal,2030,5,5,6,0.0
4012,EE_Coal,2030,5,7,8,0.0
4013,EE_Coal,2030,5,9,10,0.0
4014,EE_Coal,2030,5,11,12,0.0
4015,EE_Coal,2030,5,13,14,0.0
4016,EE_Coal,2030,5,15,16,0.0
4017,EE_Coal,2030,5,17,18,0.0
4018,EE_Coal,2030,5,19,20,0.0
4019,EE_Coal,2030,5,21,22,0.0
4020,EE_Coal,2030,5,23,24,0.0
4021,EE_Coal,2030,6,1,2,0.0
4022,EE_Coal,2030,6,3,4,0.0
4023,EE_Coal,2030,6,5,6,0.0
4024,EE_Coal,2030,6,7,8,0.0
4025,EE_Coal,2030,6,9,10,0.0
4026,EE_Coal,2030,6,11,12,0.0
4027,EE_Coal,2030,6,13,14,0.0
4028,EE_Coal,2030,6,15,16,0.0
4029,EE_Coal,2030,6,17,18,0.0
4030,EE_Coal,2030,6,19,20,0.0
4031,EE_Coal,2030,6,21,22,0.0
4032,EE_Coal,2030,6,23,24,0.0
4033,EE_Coal,2030,7,1,2,0.0
4034,EE_Coal,2030,7,3,4,0.0
4035,EE_Coal,2030,7,5,6,0.0
4036,EE_Coal,2030,7,7,8,0.0
4037,EE_Coal,2030,7,9,10,0.0
4038,EE_Coal,2030,7,11,12,0.0
4039,EE_Coal,2030,7,13,14,0.0
4040,EE_Coal,2030,7,15,16,0.0
4041,EE_Coal,2030,7,17,18,0.0
4042,EE_Coal,2030,7,19,20,0.0
4043,EE_Coal,2030,7,21,22,0.0
4044,EE_Coal,2030,7,23,24,0.0
4045,EE_Coal,2030,8,1,2,0.0
4046,EE_Coal,2030,8,3,4,0.0
4047,EE_Coal,2030,8,5,6,0.0
4048,EE_Coal,2030,8,7,8,0.0
4049,EE_Coal,2030,8,9,10,0.0
4050,EE_Coal,2030,8,11,12,0.0
4051,EE_Coal,2030,8,13,14,0.0
4052,EE_Coal,2030,8,15,16,0.0
4053,EE_Coal,2030,8,17,18,0.0
4054,EE_Coal,2030,8,19,20,0.0
4055,EE_Coal,2030,8,21,22,0.0
4056,EE_Coal,2030,8,23,24,0.0
4057,EE_Coal,2030,9,1,2,0.0
4058,EE_Coal,2030,9,3,4,0.0
4059,EE_Coal,2030,9,5,6,0.0
4060,EE_Coal,2030,9,7,8,0.0
4061,EE_Coal,2030,9,9,10,0.0
4062,EE_Coal,2030,9,11,12,0.0
4063,EE_Coal,2030,9,13,14,0.0
4064,EE_Coal,2030,9,15,16,0.0
4065,EE_Coal,2030,9,17,18,0.0
4066,EE_Coal,2030,9,19,20,0.0
4067,EE_Coal,2030,9,21,22,0.0
4068,EE_Coal,2030,9,23,24,0.0
4069,EE_Coal,2030,10,1,2,0.0
4070,EE_Coal,2030,10,3,4,0.0
4071,EE_Coal,2030,10,5,6,0.0
4072,EE_Coal,2030,10,7,8,0.0
4073,EE_Coal,2030,10,9,10,0.0
4074,EE_Coal,2030,10,11,12,0.0
4075,EE_Coal,2030,10,13,14,0.0
4076,EE_Coal,2030,10,15,16,0.0
4077,EE_Coal,2030,10,17,18,0.0
4078,EE_Coal,2030,10,19,20,0.0
4079,EE_Coal,2030,10,21,22,0.0
4080,EE_Coal,2030,10,23,24,0.0
4081,EE_Nuclear,2030,1,1,2,0.0
4082,EE_Nuclear,2030,1,3,4,0.0
4083,EE_Nuclear,2030,1,5,6,0.0
4084,EE_Nuclear,2030,1,7,8,0.0
4085,EE_Nuclear,2030,1,9,10,0.0
4086,EE_Nuclear,2030,1,11,12,0.0
4087,EE_Nuclear,2030,1,13,14,0.0
4088,EE_Nuclear,2030,1,15,16,0.0
4089,EE_Nuclear,2030,1,17,18,0.0
4090,EE_Nuclear,2030,1,19,20,0.0
4091,EE_Nuclear,2030,1,21,22,0.0
4092,EE_Nuclear,2030,1,23,24,0.0
4093,EE_Nuclear,2030,2,1,2,0.0
4094,EE_Nuclear,2030,2,3,4,0.0
4095,EE_Nuclear,2030,2,5,6,0.0
4096,EE_Nuclear,2030,2,7,8,0.0
4097,EE_Nuclear,2030,2,9,10,0.0
4098,EE_Nuclear,2030,2,11,12,0.0
4099,EE_Nuclear,2030,2,13,14,0.0
4100,EE_Nuclear,2030,2,15,16,0.0
4101,EE_Nuclear,2030,2,17,18,0.0
4102,EE_Nuclear,2030,2,19,20,0.0
4103,EE_Nuclear,2030,2,21,22,0.0
4104,EE_Nuclear,2030,2,23,24,0.0
4105,EE_Nuclear,2030,3,1,2,0.0
4106,EE_Nuclear,2030,3,3,4,0.0
4107,EE_Nuclear,2030,3,5,6,0.0
4108,EE_Nuclear,2030,3,7,8,0.0
4109,EE_Nuclear,2030,3,9,10,0.0
4110,EE_Nuclear,2030,3,11,12,0.0
4111,EE_Nuclear,2030,3,13,14,0.0
4112,EE_Nuclear,2030,3,15,16,0.0
4113,EE_Nuclear,2030,3,17,18,0.0
4114,EE_Nuclear,2030,3,19,20,0.0
4115,EE_Nuclear,2030,3,21,22,0.0
4116,EE_Nuclear,2030,3,23,24,0.0
4117,EE_Nuclear,2030,4,1,2,0.0
4118,EE_Nuclear,2030,4,3,4,0.0
4119,EE_Nuclear,2030,4,5,6,0.0
4120,EE_Nuclear,2030,4,7,8,0.0
4121,EE_Nuclear,2030,4,9,10,0.0
4122,EE_Nuclear,2030,4,11,12,0.0
4123,EE_Nuclear,2030,4,13,14,0.0
4124,EE_Nuclear,2030,4,15,16,0.0
4125,EE_Nuclear,2030,4,17,18,0.0
4126,EE_Nuclear,2030,4,19,20,0.0
4127,EE_Nuclear,2030,4,21,22,0.0
4128,EE_Nuclear,2030,4,23,24,0.0
4129,EE_Nuclear,2030,5,1,2,0.0
4130,EE_Nuclear,2030,5,3,4,0.0
4131,EE_Nuclear,2030,5,5,6,0.0
4132,EE_Nuclear,2030,5,7,8,0.0
4133,EE_Nuclear,2030,5,9,10,0.0
4134,EE_Nuclear,2030,5,11,12,0.0
4135,EE_Nuclear,2030,5,13,14,0.0
4136,EE_Nuclear,2030,5,15,16,0.0
4137,EE_Nuclear,2030,5,17,18,0.0
4138,EE_Nuclear,2030,5,19,20,0.0
4139,EE_Nuclear,2030,5,21,22,0.0
4140,EE_Nuclear,2030,5,23,24,0.0
4141,EE_Nuclear,2030,6,1,2,0.0
4142,EE_Nuclear,2030,6,3,4,0.0
4143,EE_Nuclear,2030,6,5,6,0.0
4144,EE_Nuclear,2030,6,7,8,0.0
4145,EE_Nuclear,2030,6,9,10,0.0
4146,EE_Nuclear,2030,6,11,12,0.0
4147,EE_Nuclear,2030,6,13,14,0.0
4148,EE_Nuclear,2030,6,15,16,0.0
4149,EE_Nuclear,2030,6,17,18,0.0
4150,EE_Nuclear,2030,6,19,20,0.0
4151,EE_Nuclear,2030,6,21,22,0.0
4152,EE_Nuclear,2030,6,23,24,0.0
4153,EE_Nuclear,2030,7,1,2,0.0
4154,EE_Nuclear,2030,7,3,4,0.0
4155,EE_Nuclear,2030,7,5,6,0.0
4156,EE_Nuclear,2030,7,7,8,0.0
4157,EE_Nuclear,2030,7,9,10,0.0
4158,EE_Nuclear,2030,7,11,12,0.0
4159,EE_Nuclear,2030,7,13,14,0.0
4160,EE_Nuclear,2030,7,15,16,0.0
4161,EE_Nuclear,2030,7,17,18,0.0
4162,EE_Nuclear,2030,7,19,20,0.0
4163,EE_Nuclear,2030,7,21,22,0.0
4164,EE_Nuclear,2030,7,23,24,0.0
4165,EE_Nuclear,2030,8,1,2,0.0
4166,EE_Nuclear,2030,8,3,4,0.0
4167,EE_Nuclear,2030,8,5,6,0.0
4168,EE_Nuclear,2030,8,7,8,0.0
4169,EE_Nuclear,2030,8,9,10,0.0
4170,EE_Nuclear,2030,8,11,12,0.0
4171,EE_Nuclear,2030,8,13,14,0.0
4172,EE_Nuclear,2030,8,15,16,0.0
4173,EE_Nuclear,2030,8,17,18,0.0
4174,EE_Nuclear,2030,8,19,20,0.0
4175,EE_Nuclear,2030,8,21,22,0.0
4176,EE_Nuclear,2030,8,23,24,0.0
4177,EE_Nuclear,2030,9,1,2,0.0
4178,EE_Nuclear,2030,9,3,4,0.0
4179,EE_Nuclear,2030,9,5,6,0.0
4180,EE_Nuclear,2030,9,7,8,0.0
4181,EE_Nuclear,2030,9,9,10,0.0
4182,EE_Nuclear,2030,9,11,12,0.0
4183,EE_Nuclear,2030,9,13,14,0.0
4184,EE_Nuclear,2030,9,15,16,0.0
4185,EE_Nuclear,2030,9,17,18,0.0
4186,EE_Nuclear,2030,9,19,20,0.0
4187,EE_Nuclear,2030,9,21,22,0.0
4188,EE_Nuclear,2030,9,23,24,0.0
4189,EE_Nuclear,2030,10,1,2,0.0
4190,EE_Nuclear,2030,10,3,4,0.0
4191,EE_Nuclear,2030,10,5,6,0.0
4192,EE_Nuclear,2030,10,7,8,0.0
4193,EE_Nuclear,2030,10,9,10,0.0
4194,EE_Nuclear,2030,10,11,12,0.0
4195,EE_Nuclear,2030,10,13,14,0.0
4196,EE_Nuclear,2030,10,15,16,0.0
4197,EE_Nuclear,2030,10,17,18,0.0
4198,EE_Nuclear,2030,10,19,20,0.0
4199,EE_Nuclear,2030,10,21,22,0.0
4200,EE_Nuclear,2030,10,23,24,0.0
4201,EE_OCGT,2030,1,1,2,0.0
4202,EE_OCGT,2030,1,3,4,0.0
4203,EE_OCGT,2030,1,5,6,0.0
4204,EE_OCGT,2030,1,7,8,0.0
4205,EE_OCGT,2030,1,9,10,0.0
4206,EE_OCGT,2030,1,11,12,0.0
4207,EE_OCGT,2030,1,13,14,0.0
4208,EE_OCGT,2030,1,15,16,0.0
4209,EE_OCGT,2030,1,17,18,0.0
4210,EE_OCGT,2030,1,19,20,0.0
4211,EE_OCGT,2030,1,21,22,0.0
4212,EE_OCGT,2030,1,23,24,0.0
4213,EE_OCGT,2030,2,1,2,0.0
4214,EE_OCGT,2030,2,3,4,0.0
4215,EE_OCGT,2030,2,5,6,0.0
4216,EE_OCGT,2030,2,7,8,0.0
4217,EE_OCGT,2030,2,9,10,0.0
4218,EE_OCGT,2030,2,11,12,0.0
4219,EE_OCGT,2030,2,13,14,0.0
4220,EE_OCGT,2030,2,15,16,0.0
4221,EE_OCGT,2030,2,17,18,0.0
4222,EE_OCGT,2030,2,19,20,0.0
4223,EE_OCGT,2030,2,21,22,0.0
4224,EE_OCGT,2030,2,23,24,0.0
4225,EE_OCGT,2030,3,1,2,0.0
4226,EE_OCGT,2030,3,3,4,0.0
4227,EE_OCGT,2030,3,5,6,0.0
4228,EE_OCGT,2030,3,7,8,0.0
4229,EE_OCGT,2030,3,9,10,0.0
4230,EE_OCGT,2030,3,11,12,0.0
4231,EE_OCGT,2030,3,13,14,0.0
4232,EE_OCGT,2030,3,15,16,0.0
4233,EE_OCGT,2030,3,17,18,0.0
4234,EE_OCGT,2030,3,19,20,0.0
4235,EE_OCGT,2030,3,21,22,0.0
4236,EE_OCGT,2030,3,23,24,0.0
4237,EE_OCGT,2030,4,1,2,0.0
4238,EE_OCGT,2030,4,3,4,0.0
4239,EE_OCGT,2030,4,5,6,0.0
4240,EE_OCGT,2030,4,7,8,0.0
4241,EE_OCGT,2030,4,9,10,0.0
4242,EE_OCGT,2030,4,11,12,0.0
4243,EE_OCGT,2030,4,13,14,0.0
4244,EE_OCGT,2030,4,15,16,0.0
4245,EE_OCGT,2030,4,17,18,0.0
4246,EE_OCGT,2030,4,19,20,0.0
4247,EE_OCGT,2030,4,21,22,0.0
4248,EE_OCGT,2030,4,23,24,0.0
4249,EE_OCGT,2030,5,1,2,0.0
4250,EE_OCGT,2030,5,3,4,0.0
4251,EE_OCGT,2030,5,5,6,0.0
4252,EE_OCGT,2030,5,7,8,0.0
4253,EE_OCGT,2030,5,9,10,0.0
4254,EE_OCGT,2030,5,11,12,0.0
4255,EE_OCGT,2030,5,13,14,0.0
4256,EE_OCGT,2030,5,15,16,0.0
4257,EE_OCGT,2030,5,17,18,0.0
4258,EE_OCGT,2030,5,19,20,0.0
4259,EE_OCGT,2030,5,21,22,0.0
4260,EE_OCGT,2030,5,23,24,0.0
4261,EE_OCGT,2030,6,1,2,0.0
4262,EE_OCGT,2030,6,3,4,0.0
4263,EE_OCGT,2030,6,5,6,0.0
4264,EE_OCGT,2030,6,7,8,0.0
4265,EE_OCGT,2030,6,9,10,0.0
4266,EE_OCGT,2030,6,11,12,0.0
4267,EE_OCGT,2030,6,13,14,0.0
4268,EE_OCGT,2030,6,15,16,0.0
4269,EE_OCGT,2030,6,17,18,0.0
4270,EE_OCGT,2030,6,19,20,0.0
4271,EE_OCGT,2030,6,21,22,0.0
4272,EE_OCGT,2030,6,23,24,0.0
4273,EE_OCGT,2030,7,1,2,0.0
4274,EE_OCGT,2030,7,3,4,0.0
4275,EE_OCGT,2030,7,5,6,0.0
4276,EE_OCGT,2030,7,7,8,0.0
4277,EE_OCGT,2030,7,9,10,0.0
4278,EE_OCGT,2030,7,11,12,0.0
4279,EE_OCGT,2030,7,13,14,0.0
4280,EE_OCGT,2030,7,15,16,0.0
4281,EE_OCGT,2030,7,17,18,0.0
4282,EE_OCGT,2030,7,19,20,0.0
4283,EE_OCGT,2030,7,21,22,0.0
4284,EE_OCGT,2030,7,23,24,0.0
4285,EE_OCGT,2030,8,1,2,0.0
4286,EE_OCGT,2030,8,3,4,0.0
4287,EE_OCGT,2030,8,5,6,0.0
4288,EE_OCGT,2030,8,7,8,0.0
4289,EE_OCGT,2030,8,9,10,0.0
4290,EE_OCGT,2030,8,11,12,0.0
4291,EE_OCGT,2030,8,13,14,0.0
4292,EE_OCGT,2030,8,15,16,0.0
4293,EE_OCGT,2030,8,17,18,0.0
4294,EE_OCGT,2030,8,19,20,0.0
4295,EE_OCGT,2030,8,21,22,0.0
4296,EE_OCGT,2030,8,23,24,0.0
4297,EE_OCGT,2030,9,1,2,0.0
4298,EE_OCGT,2030,9,3,4,0.0
4299,EE_OCGT,2030,9,5,6,0.0
4300,EE_OCGT,2030,9,7,8,0.0
4301,EE_OCGT,2030,9,9,10,0.0
4302,EE_OCGT,2030,9,11,12,0.0
4303,EE_OCGT,2030,9,13,14,0.0
4304,EE_OCGT,2030,9,15,16,0.0
4305,EE_OCGT,2030,9,17,18,0.0
4306,EE_OCGT,2030,9,19,20,0.0
4307,EE_OCGT,2030,9,21,22,0.0
4308,EE_OCGT,2030,9,23,24,0.0
4309,EE_OCGT,2030,10,1,2,0.0
4310,EE_OCGT,2030,10,3,4,0.0
4311,EE_OCGT,2030,10,5,6,0.0
4312,EE_OCGT,2030,10,7,8,0.0
4313,EE_OCGT,2030,10,9,10,0.0
4314,EE_OCGT,2030,10,11,12,0.0
4315,EE_OCGT,2030,10,13,14,0.0
4316,EE_OCGT,2030,10,15,16,0.0
4317,EE_OCGT,2030,10,17,18,0.0
4318,EE_OCGT,2030,10,19,20,0.0
4319,EE_OCGT,2030,10,21,22,0.0
4320,EE_OCGT,2030,10,23,24,0.0
4321,ES_CCGT,2030,1,1,2,0.0
4322,ES_CCGT,2030,1,3,4,0.0
4323,ES_CCGT,2030,1,5,6,0.0
4324,ES_CCGT,2030,1,7,8,0.0
4325,ES_CCGT,2030,1,9,10,0.0
4326,ES_CCGT,2030,1,11,12,0.0
4327,ES_CCGT,2030,1,13,14,0.0
4328,ES_CCGT,2030,1,15,16,0.0
4329,ES_CCGT,2030,1,17,18,0.0
4330,ES_CCGT,2030,1,19,20,0.0
4331,ES_CCGT,2030,1,21,22,0.0
4332,ES_CCGT,2030,1,23,24,0.0
4333,ES_CCGT,2030,2,1,2,0.0
4334,ES_CCGT,2030,2,3,4,0.0
4335,ES_CCGT,2030,2,5,6,0.0
4336,ES_CCGT,2030,2,7,8,0.0
4337,ES_CCGT,2030,2,9,10,0.0
4338,ES_CCGT,2030,2,11,12,0.0
4339,ES_CCGT,2030,2,13,14,0.0
4340,ES_CCGT,2030,2,15,16,0.0
4341,ES_CCGT,2030,2,17,18,0.0
4342,ES_CCGT,2030,2,19,20,0.0
4343,ES_CCGT,2030,2,21,22,0.0
4344,ES_CCGT,2030,2,23,24,0.0
4345,ES_CCGT,2030,3,1,2,0.0
4346,ES_CCGT,2030,3,3,4,0.0
4347,ES_CCGT,2030,3,5,6,0.0
4348,ES_CCGT,2030,3,7,8,0.0
4349,ES_CCGT,2030,3,9,10,0.0
4350,ES_CCGT,2030,3,11,12,0.0
4351,ES_CCGT,2030,3,13,14,0.0
4352,ES_CCGT,2030,3,15,16,0.0
4353,ES_CCGT,2030,3,17,18,0.0
4354,ES_CCGT,2030,3,19,20,0.0
4355,ES_CCGT,2030,3,21,22,0.0
4356,ES_CCGT,2030,3,23,24,0.0
4357,ES_CCGT,2030,4,1,2,0.0
4358,ES_CCGT,2030,4,3,4,0.0
4359,ES_CCGT,2030,4,5,6,0.0
4360,ES_CCGT,2030,4,7,8,0.0
4361,ES_CCGT,2030,4,9,10,0.0
4362,ES_CCGT,2030,4,11,12,0.0
4363,ES_CCGT,2030,4,13,14,0.0
4364,ES_CCGT,2030,4,15,16,0.0
4365,ES_CCGT,2030,4,17,18,0.0
4366,ES_CCGT,2030,4,19,20,0.0
4367,ES_CCGT,2030,4,21,22,0.0
4368,ES_CCGT,2030,4,23,24,0.0
4369,ES_CCGT,2030,5,1,2,0.0
4370,ES_CCGT,2030,5,3,4,0.0
4371,ES_CCGT,2030,5,5,6,0.0
4372,ES_CCGT,2030,5,7,8,0.0
4373,ES_CCGT,2030,5,9,10,0.0
4374,ES_CCGT,2030,5,11,12,0.0
4375,ES_CCGT,2030,5,13,14,0.0
4376,ES_CCGT,2030,5,15,16,0.0
4377,ES_CCGT,2030,5,17,18,0.0
4378,ES_CCGT,2030,5,19,20,0.0
4379,ES_CCGT,2030,5,21,22,0.0
4380,ES_CCGT,2030,5,23,24,0.0
4381,ES_CCGT,2030,6,1,2,0.0
4382,ES_CCGT,2030,6,3,4,0.0
4383,ES_CCGT,2030,6,5,6,0.0
4384,ES_CCGT,2030,6,7,8,0.0
4385,ES_CCGT,2030,6,9,10,0.0
4386,ES_CCGT,2030,6,11,12,0.0
4387,ES_CCGT,2030,6,13,14,0.0
4388,ES_CCGT,2030,6,15,16,0.0
4389,ES_CCGT,2030,6,17,18,0.0
4390,ES_CCGT,2030,6,19,20,0.0
4391,ES_CCGT,2030,6,21,22,0.0
4392,ES_CCGT,2030,6,23,24,0.0
4393,ES_CCGT,2030,7,1,2,0.0
4394,ES_CCGT,2030,7,3,4,0.0
4395,ES_CCGT,2030,7,5,6,0.0
4396,ES_CCGT,2030,7,7,8,0.0
4397,ES_CCGT,2030,7,9,10,0.0
4398,ES_CCGT,2030,7,11,12,0.0
4399,ES_CCGT,2030,7,13,14,0.0
4400,ES_CCGT,2030,7,15,16,0.0
4401,ES_CCGT,2030,7,17,18,0.0
4402,ES_CCGT,2030,7,19,20,0.0
4403,ES_CCGT,2030,7,21,22,0.0
4404,ES_CCGT,2030,7,23,24,0.0
4405,ES_CCGT,2030,8,1,2,0.0
4406,ES_CCGT,2030,8,3,4,0.0
4407,ES_CCGT,2030,8,5,6,0.0
4408,ES_CCGT,2030,8,7,8,0.0
4409,ES_CCGT,2030,8,9,10,0.0
4410,ES_CCGT,2030,8,11,12,0.0
4411,ES_CCGT,2030,8,13,14,0.0
4412,ES_CCGT,2030,8,15,16,0.0
4413,ES_CCGT,2030,8,17,18,0.0
4414,ES_CCGT,2030,8,19,20,0.0
4415,ES_CCGT,2030,8,21,22,-12.447565705666335
4416,ES_CCGT,2030,8,23,24,0.0
4417,ES_CCGT,2030,9,1,2,0.0
4418,ES_CCGT,2030,9,3,4,0.0
4419,ES_CCGT,2030,9,5,6,0.0
4420,ES_CCGT,2030,9,7,8,0.0
4421,ES_CCGT,2030,9,9,10,0.0
4422,ES_CCGT,2030,9,11,12,0.0
4423,ES_CCGT,2030,9,13,14,0.0
4424,ES_CCGT,2030,9,15,16,0.0
4425,ES_CCGT,2030,9,17,18,0.0
4426,ES_CCGT,2030,9,19,20,0.0
4427,ES_CCGT,2030,9,21,22,0.0
4428,ES_CCGT,2030,9,23,24,0.0
4429,ES_CCGT,2030,10,1,2,0.0
4430,ES_CCGT,2030,10,3,4,0.0
4431,ES_CCGT,2030,10,5,6,0.0
4432,ES_CCGT,2030,10,7,8,0.0
4433,ES_CCGT,2030,10,9,10,0.0
4434,ES_CCGT,2030,10,11,12,0.0
4435,ES_CCGT,2030,10,13,14,0.0
4436,ES_CCGT,2030,10,15,16,0.0
4437,ES_CCGT,2030,10,17,18,0.0
4438,ES_CCGT,2030,10,19,20,0.0
4439,ES_CCGT,2030,10,21,22,0.0
4440,ES_CCGT,2030,10,23,24,0.0
4441,ES_Coal,2030,1,1,2,0.0
4442,ES_Coal,2030,1,3,4,0.0
4443,ES_Coal,2030,1,5,6,0.0
4444,ES_Coal,2030,1,7,8,0.0
4445,ES_Coal,2030,1,9,10,0.0
4446,ES_Coal,2030,1,11,12,0.0
4447,ES_Coal,2030,1,13,14,-1.6218000000000001
4448,ES_Coal,2030,1,15,16,0.0
4449,ES_Coal,2030,1,17,18,0.0
4450,ES_Coal,2030,1,19,20,0.0
4451,ES_Coal,2030,1,21,22,0.0
4452,ES_Coal,2030,1,23,24,0.0
4453,ES_Coal,2030,2,1,2,0.0
4454,ES_Coal,2030,2,3,4,0.0
4455,ES_Coal,2030,2,5,6,0.0
4456,ES_Coal,2030,2,7,8,0.0
4457,ES_Coal,2030,2,9,10,0.0
4458,ES_Coal,2030,2,11,12,0.0
4459,ES_Coal,2030,2,13,14,0.0
4460,ES_Coal,2030,2,15,16,0.0
4461,ES_Coal,2030,2,17,18,0.0
4462,ES_Coal,2030,2,19,20,0.0
4463,ES_Coal,2030,2,21,22,0.0
4464,ES_Coal,2030,2,23,24,0.0
4465,ES_Coal,2030,3,1,2,0.0
4466,ES_Coal,2030,3,3,4,0.0
4467,ES_Coal,2030,3,5,6,0.0
4468,ES_Coal,2030,3,7,8,0.0
4469,ES_Coal,2030,3,9,10,0.0
4470,ES_Coal,2030,3,11,12,0.0
4471,ES_Coal,2030,3,13,14,0.0
4472,ES_Coal,2030,3,15,16,0.0
4473,ES_Coal,2030,3,17,18,0.0
4474,ES_Coal,2030,3,19,20,0.0
4475,ES_Coal,2030,3,21,22,0.0
4476,ES_Coal,2030,3,23,24,0.0
4477,ES_Coal,2030,4,1,2,0.0
4478,ES_Coal,2030,4,3,4,0.0
4479,ES_Coal,2030,4,5,6,0.0
4480,ES_Coal,2030,4,7,8,0.0
4481,ES_Coal,2030,4,9,10,0.0
4482,ES_Coal,2030,4,11,12,0.0
4483,ES_Coal,2030,4,13,14,0.0
4484,ES_Coal,2030,4,15,16,0.0
4485,ES_Coal,2030,4,17,18,0.0
4486,ES_Coal,2030,4,19,20,0.0
4487,ES_Coal,2030,4,21,22,0.0
4488,ES_Coal,2030,4,23,24,0.0
4489,ES_Coal,2030,5,1,2,0.0
4490,ES_Coal,2030,5,3,4,0.0
4491,ES_Coal,2030,5,5,6,0.0
4492,ES_Coal,2030,5,7,8,0.0
4493,ES_Coal,2030,5,9,10,0.0
4494,ES_Coal,2030,5,11,12,0.0
4495,ES_Coal,2030,5,13,14,0.0
4496,ES_Coal,2030,5,15,16,0.0
4497,ES_Coal,2030,5,17,18,0.0
4498,ES_Coal,2030,5,19,20,0.0
4499,ES_Coal,2030,5,21,22,0.0
4500,ES_Coal,2030,5,23,24,0.0
4501,ES_Coal,2030,6,1,2,0.0
4502,ES_Coal,2030,6,3,4,0.0
4503,ES_Coal,2030,6,5,6,0.0
4504,ES_Coal,2030,6,7,8,0.0
4505,ES_Coal,2030,6,9,10,0.0
4506,ES_Coal,2030,6,11,12,0.0
4507,ES_Coal,2030,6,13,14,0.0
4508,ES_Coal,2030,6,15,16,0.0
4509,ES_Coal,2030,6,17,18,0.0
4510,ES_Coal,2030,6,19,20,0.0
4511,ES_Coal,2030,6,21,22,0.0
4512,ES_Coal,2030,6,23,24,0.0
4513,ES_Coal,2030,7,1,2,0.0
4514,ES_Coal,2030,7,3,4,0.0
4515,ES_Coal,2030,7,5,6,0.0
4516,ES_Coal,2030,7,7,8,0.0
4517,ES_Coal,2030,7,9,10,0.0
4518,ES_Coal,2030,7,11,12,0.0
4519,ES_Coal,2030,7,13,14,0.0
4520,ES_Coal,2030,7,15,16,0.0
4521,ES_Coal,2030,7,17,18,0.0
4522,ES_Coal,2030,7,19,20,0.0
4523,ES_Coal,2030,7,21,22,0.0
4524,ES_Coal,2030,7,23,24,0.0
4525,ES_Coal,2030,8,1,2,0.0
4526,ES_Coal,2030,8,3,4,0.0
4527,ES_Coal,2030,8,5,6,0.0
4528,ES_Coal,2030,8,7,8,0.0
4529,ES_Coal,2030,8,9,10,0.0
4530,ES_Coal,2030,8,11,12,0.0
4531,ES_Coal,2030,8,13,14,0.0
4532,ES_Coal,2030,8,15,16,0.0
4533,ES_Coal,2030,8,17,18,0.0
4534,ES_Coal,2030,8,19,20,0.0
4535,ES_Coal,2030,8,21,22,-13.396165705666336
4536,ES_Coal,2030,8,23,24,0.0
4537,ES_Coal,2030,9,1,2,0.0
4538,ES_Coal,2030,9,3,4,0.0
4539,ES_Coal,2030,9,5,6,0.0
4540,ES_Coal,2030,9,7,8,0.0
4541,ES_Coal,2030,9,9,10,0.0
4542,ES_Coal,2030,9,11,12,-1.3158
4543,ES_Coal,2030,9,13,14,0.0
4544,ES_Coal,2030,9,15,16,0.0
4545,ES_Coal,2030,9,17,18,0.0
4546,ES_Coal,2030,9,19,20,0.0
4547,ES_Coal,2030,9,21,22,0.0
4548,ES_Coal,2030,9,23,24,0.0
4549,ES_Coal,2030,10,1,2,0.0
4550,ES_Coal,2030,10,3,4,0.0
4551,ES_Coal,2030,10,5,6,0.0
4552,ES_Coal,2030,10,7,8,0.0
4553,ES_Coal,2030,10,9,10,0.0
4554,ES_Coal,2030,10,11,12,0.0
4555,ES_Coal,2030,10,13,14,0.0
4556,ES_Coal,2030,10,15,16,0.0
4557,ES_Coal,2030,10,17,18,0.0
4558,ES_Coal,2030,10,19,20,0.0
4559,ES_Coal,2030,10,21,22,0.0
4560,ES_Coal,2030,10,23,24,0.0
4561,ES_Nuclear,2030,1,1,2,0.0
4562,ES_Nuclear,2030,1,3,4,0.0
4563,ES_Nuclear,2030,1,5,6,0.0
4564,ES_Nuclear,2030,1,7,8,0.0
4565,ES_Nuclear,2030,1,9,10,0.0
4566,ES_Nuclear,2030,1,11,12,0.0
4567,ES_Nuclear,2030,1,13,14,0.0
4568,ES_Nuclear,2030,1,15,16,0.0
4569,ES_Nuclear,2030,1,17,18,0.0
4570,ES_Nuclear,2030,1,19,20,0.0
4571,ES_Nuclear,2030,1,21,22,0.0
4572,ES_Nuclear,2030,1,23,24,0.0
4573,ES_Nuclear,2030,2,1,2,0.0
4574,ES_Nuclear,2030,2,3,4,0.0
4575,ES_Nuclear,2030,2,5,6,0.0
4576,ES_Nuclear,2030,2,7,8,0.0
4577,ES_Nuclear,2030,2,9,10,0.0
4578,ES_Nuclear,2030,2,11,12,0.0
4579,ES_Nuclear,2030,2,13,14,0.0
4580,ES_Nuclear,2030,2,15,16,0.0
4581,ES_Nuclear,2030,2,17,18,0.0
4582,ES_Nuclear,2030,2,19,20,0.0
4583,ES_Nuclear,2030,2,21,22,0.0
4584,ES_Nuclear,2030,2,23,24,0.0
4585,ES_Nuclear,2030,3,1,2,0.0
4586,ES_Nuclear,2030,3,3,4,0.0
4587,ES_Nuclear,2030,3,5,6,0.0
4588,ES_Nuclear,2030,3,7,8,0.0
4589,ES_Nuclear,2030,3,9,10,0.0
4590,ES_Nuclear,2030,3,11,12,0.0
4591,ES_Nuclear,2030,3,13,14,0.0
4592,ES_Nuclear,2030,3,15,16,0.0
4593,ES_Nuclear,2030,3,17,18,0.0
4594,ES_Nuclear,2030,3,19,20,0.0
4595,ES_Nuclear,2030,3,21,22,0.0
4596,ES_Nuclear,2030,3,23,24,0.0
4597,ES_Nuclear,2030,4,1,2,0.0
4598,ES_Nuclear,2030,4,3,4,0.0
4599,ES_Nuclear,2030,4,5,6,0.0
4600,ES_Nuclear,2030,4,7,8,0.0
4601,ES_Nuclear,2030,4,9,10,0.0
4602,ES_Nuclear,2030,4,11,12,0.0
4603,ES_Nuclear,2030,4,13,14,0.0
4604,ES_Nuclear,2030,4,15,16,0.0
4605,ES_Nuclear,2030,4,17,18,0.0
4606,ES_Nuclear,2030,4,19,20,0.0
4607,ES_Nuclear,2030,4,21,22,0.0
4608,ES_Nuclear,2030,4,23,24,0.0
4609,ES_Nuclear,2030,5,1,2,0.0
4610,ES_Nuclear,2030,5,3,4,0.0
4611,ES_Nuclear,2030,5,5,6,0.0
4612,ES_Nuclear,2030,5,7,8,0.0
4613,ES_Nuclear,2030,5,9,10,0.0
4614,ES_Nuclear,2030,5,11,12,0.0
4615,ES_Nuclear,2030,5,13,14,0.0
4616,ES_Nuclear,2030,5,15,16,0.0
4617,ES_Nuclear,2030,5,17,18,0.0
4618,ES_Nuclear,2030,5,19,20,0.0
4619,ES_Nuclear,2030,5,21,22,0.0
4620,ES_Nuclear,2030,5,23,24,0.0
4621,ES_Nuclear,2030,6,1,2,0.0
4622,ES_Nuclear,2030,6,3,4,0.0
4623,ES_Nuclear,2030,6,5,6,0.0
4624,ES_Nuclear,2030,6,7,8,0.0
4625,ES_Nuclear,2030,6,9,10,0.0
4626,ES_Nuclear,2030,6,11,12,0.0
4627,ES_Nuclear,2030,6,13,14,0.0
4628,ES_Nuclear,2030,6,15,16,0.0
4629,ES_Nuclear,2030,6,17,18,0.0
4630,ES_Nuclear,2030,6,19,20,0.0
4631,ES_Nuclear,2030,6,21,22,0.0
4632,ES_Nuclear,2030,6,23,24,0.0
4633,ES_Nuclear,2030,7,1,2,0.0
4634,ES_Nuclear,2030,7,3,4,0.0
4635,ES_Nuclear,2030,7,5,6,0.0
4636,ES_Nuclear,2030,7,7,8,0.0
4637,ES_Nuclear,2030,7,9,10,0.0
4638,ES_Nuclear,2030,7,11,12,0.0
4639,ES_Nuclear,2030,7,13,14,0.0
4640,ES_Nuclear,2030,7,15,16,0.0
4641,ES_Nuclear,2030,7,17,18,0.0
4642,ES_Nuclear,2030,7,19,20,0.0
4643,ES_Nuclear,2030,7,21,22,0.0
4644,ES_Nuclear,2030,7,23,24,0.0
4645,ES_Nuclear,2030,8,1,2,0.0
4646,ES_Nuclear,2030,8,3,4,0.0
4647,ES_Nuclear,2030,8,5,6,0.0
4648,ES_Nuclear,2030,8,7,8,0.0
4649,ES_Nuclear,2030,8,9,10,0.0
4650,ES_Nuclear,2030,8,11,12,0.0
4651,ES_Nuclear,2030,8,13,14,0.0
4652,ES_Nuclear,2030,8,15,16,0.0
4653,ES_Nuclear,2030,8,17,18,0.0
4654,ES_Nuclear,2030,8,19,20,0.0
4655,ES_Nuclear,2030,8,21,22,0.0
4656,ES_Nuclear,2030,8,23,24,0.0
4657,ES_Nuclear,2030,9,1,2,0.0
4658,ES_Nuclear,2030,9,3,4,0.0
4659,ES_Nuclear,2030,9,5,6,0.0
4660,ES_Nuclear,2030,9,7,8,0.0
4661,ES_Nuclear,2030,9,9,10,0.0
4662,ES_Nuclear,2030,9,11,12,0.0
4663,ES_Nuclear,2030,9,13,14,0.0
4664,ES_Nuclear,2030,9,15,16,0.0
4665,ES_Nuclear,2030,9,17,18,0.0
4666,ES_Nuclear,2030,9,19,20,0.0
4667,ES_Nuclear,2030,9,21,22,0.0
4668,ES_Nuclear,2030,9,23,24,0.0
4669,ES_Nuclear,2030,10,1,2,0.0
4670,ES_Nuclear,2030,10,3,4,0.0
4671,ES_Nuclear,2030,10,5,6,0.0
4672,ES_Nuclear,2030,10,7,8,0.0
4673,ES_Nuclear,2030,10,9,10,0.0
4674,ES_Nuclear,2030,10,11,12,0.0
4675,ES_Nuclear,2030,10,13,14,0.0
4676,ES_Nuclear,2030,10,15,16,0.0
4677,ES_Nuclear,2030,10,17,18,0.0
4678,ES_Nuclear,2030,10,19,20,0.0
4679,ES_Nuclear,2030,10,21,22,0.0
4680,ES_Nuclear,2030,10,23,24,0.0
4681,ES_OCGT,2030,1,1,2,0.0
4682,ES_OCGT,2030,1,3,4,0.0
4683,ES_OCGT,2030,1,5,6,0.0
4684,ES_OCGT,2030,1,7,8,0.0
4685,ES_OCGT,2030,1,9,10,0.0
4686,ES_OCGT,2030,1,11,12,0.0
4687,ES_OCGT,2030,1,13,14,0.0
4688,ES_OCGT,2030,1,15,16,0.0
4689,ES_OCGT,2030,1,17,18,0.0
4690,ES_OCGT,2030,1,19,20,0.0
4691,ES_OCGT,2030,1,21,22,0.0
4692,ES_OCGT,2030,1,23,24,0.0
4693,ES_OCGT,2030,2,1,2,0.0
4694,ES_OCGT,2030,2,3,4,0.0
4695,ES_OCGT,2030,2,5,6,0.0
4696,ES_OCGT,2030,2,7,8,0.0
4697,ES_OCGT,2030,2,9,10,0.0
4698,ES_OCGT,2030,2,11,12,0.0
4699,ES_OCGT,2030,2,13,14,0.0
4700,ES_OCGT,2030,2,15,16,0.0
4701,ES_OCGT,2030,2,17,18,0.0
4702,ES_OCGT,2030,2,19,20,0.0
4703,ES_OCGT,2030,2,21,22,0.0
4704,ES_OCGT,2030,2,23,24,0.0
4705,ES_OCGT,2030,3,1,2,0.0
4706,ES_OCGT,2030,3,3,4,0.0
4707,ES_OCGT,2030,3,5,6,0.0
4708,ES_OCGT,2030,3,7,8,0.0
4709,ES_OCGT,2030,3,9,10,0.0
4710,ES_OCGT,2030,3,11,12,0.0
4711,ES_OCGT,2030,3,13,14,0.0
4712,ES_OCGT,2030,3,15,16,0.0
4713,ES_OCGT,2030,3,17,18,-10.091931411332673
4714,ES_OCGT,2030,3,19,20,0.0
4715,ES_OCGT,2030,3,21,22,0.0
4716,ES_OCGT,2030,3,23,24,0.0
4717,ES_OCGT,2030,4,1,2,0.0
4718,ES_OCGT,2030,4,3,4,0.0
4719,ES_OCGT,2030,4,5,6,0.0
4720,ES_OCGT,2030,4,7,8,0.0
4721,ES_OCGT,2030,4,9,10,0.0
4722,ES_OCGT,2030,4,11,12,0.0
4723,ES_OCGT,2030,4,13,14,0.0
4724,ES_OCGT,2030,4,15,16,0.0
4725,ES_OCGT,2030,4,17,18,0.0
4726,ES_OCGT,2030,4,19,20,0.0
4727,ES_OCGT,2030,4,21,22,0.0
4728,ES_OCGT,2030,4,23,24,0.0
4729,ES_OCGT,2030,5,1,2,0.0
4730,ES_OCGT,2030,5,3,4,0.0
4731,ES_OCGT,2030,5,5,6,0.0
4732,ES_OCGT,2030,5,7,8,0.0
4733,ES_OCGT,2030,5,9,10,0.0
4734,ES_OCGT,2030,5,11,12,0.0
4735,ES_OCGT,2030,5,13,14,0.0
4736,ES_OCGT,2030,5,15,16,0.0
4737,ES_OCGT,2030,5,17,18,0.0
4738,ES_OCGT,2030,5,19,20,0.0
4739,ES_OCGT,2030,5,21,22,0.0
4740,ES_OCGT,2030,5,23,24,0.0
4741,ES_OCGT,2030,6,1,2,0.0
4742,ES_OCGT,2030,6,3,4,0.0
4743,ES_OCGT,2030,6,5,6,0.0
4744,ES_OCGT,2030,6,7,8,0.0
4745,ES_OCGT,2030,6,9,10,0.0
4746,ES_OCGT,2030,6,11,12,0.0
4747,ES_OCGT,2030,6,13,14,0.0
4748,ES_OCGT,2030,6,15,16,0.0
4749,ES_OCGT,2030,6,17,18,0.0
4750,ES_OCGT,2030,6,19,20,0.0
4751,ES_OCGT,2030,6,21,22,0.0
4752,ES_OCGT,2030,6,23,24,0.0
4753,ES_OCGT,2030,7,1,2,0.0
4754,ES_OCGT,2030,7,3,4,0.0
4755,ES_OCGT,2030,7,5,6,0.0
4756,ES_OCGT,2030,7,7,8,0.0
4757,ES_OCGT,2030,7,9,10,0.0
4758,ES_OCGT,2030,7,11,12,0.0
4759,ES_OCGT,2030,7,13,14,0.0
4760,ES_OCGT,2030,7,15,16,0.0
4761,ES_OCGT,2030,7,17,18,0.0
4762,ES_OCGT,2030,7,19,20,0.0
4763,ES_OCGT,2030,7,21,22,0.0
4764,ES_OCGT,2030,7,23,24,0.0
4765,ES_OCGT,2030,8,1,2,0.0
4766,ES_OCGT,2030,8,3,4,0.0
4767,ES_OCGT,2030,8,5,6,0.0
4768,ES_OCGT,2030,8,7,8,0.0
4769,ES_OCGT,2030,8,9,10,0.0
4770,ES_OCGT,2030,8,11,12,0.0
4771,ES_OCGT,2030,8,13,14,0.0
4772,ES_OCGT,2030,8,15,16,0.0
4773,ES_OCGT,2030,8,17,18,0.0
4774,ES_OCGT,2030,8,19,20,0.0
4775,ES_OCGT,2030,8,21,22,-11.331565705666335
4776,ES_OCGT,2030,8,23,24,0.0
4777,ES_OCGT,2030,9,1,2,0.0
4778,ES_OCGT,2030,9,3,4,0.0
4779,ES_OCGT,2030,9,5,6,0.0
4780,ES_OCGT,2030,9,7,8,0.0
4781,ES_OCGT,2030,9,9,10,0.0
4782,ES_OCGT,2030,9,11,12,0.0
4783,ES_OCGT,2030,9,13,14,0.0
4784,ES_OCGT,2030,9,15,16,0.0
4785,ES_OCGT,2030,9,17,18,0.0
4786,ES_OCGT,2030,9,19,20,0.0
4787,ES_OCGT,2030,9,21,22,0.0
4788,ES_OCGT,2030,9,23,24,0.0
4789,ES_OCGT,2030,10,1,2,0.0
4790,ES_OCGT,2030,10,3,4,0.0
4791,ES_OCGT,2030,10,5,6,0.0
4792,ES_OCGT,2030,10,7,8,0.0
4793,ES_OCGT,2030,10,9,10,0.0
4794,ES_OCGT,2030,10,11,12,0.0
4795,ES_OCGT,2030,10,13,14,0.0
4796,ES_OCGT,2030,10,15,16,0.0
4797,ES_OCGT,2030,10,17,18,0.0
4798,ES_OCGT,2030,10,19,20,0.0
4799,ES_OCGT,2030,10,21,22,0.0
4800,ES_OCGT,2030,10,23,24,0.0
4801,FI_CCGT,2030,1,1,2,0.0
4802,FI_CCGT,2030,1,3,4,0.0
4803,FI_CCGT,2030,1,5,6,0.0
4804,FI_CCGT,2030,1,7,8,0.0
4805,FI_CCGT,2030,1,9,10,0.0
4806,FI_CCGT,2030,1,11,12,0.0
4807,FI_CCGT,2030,1,13,14,0.0
4808,FI_CCGT,2030,1,15,16,0.0
4809,FI_CCGT,2030,1,17,18,0.0
4810,FI_CCGT,2030,1,19,20,0.0
4811,FI_CCGT,2030,1,21,22,0.0
4812,FI_CCGT,2030,1,23,24,0.0
4813,FI_CCGT,2030,2,1,2,0.0
4814,FI_CCGT,2030,2,3,4,0.0
4815,FI_CCGT,2030,2,5,6,0.0
4816,FI_CCGT,2030,2,7,8,0.0
4817,FI_CCGT,2030,2,9,10,0.0
4818,FI_CCGT,2030,2,11,12,0.0
4819,FI_CCGT,2030,2,13,14,0.0
4820,FI_CCGT,2030,2,15,16,0.0
4821,FI_CCGT,2030,2,17,18,0.0
4822,FI_CCGT,2030,2,19,20,0.0
4823,FI_CCGT,2030,2,21,22,0.0
4824,FI_CCGT,2030,2,23,24,0.0
4825,FI_CCGT,2030,3,1,2,0.0
4826,FI_CCGT,2030,3,3,4,0.0
4827,FI_CCGT,2030,3,5,6,0.0
4828,FI_CCGT,2030,3,7,8,0.0
4829,FI_CCGT,2030,3,9,10,0.0
4830,FI_CCGT,2030,3,11,12,0.0
4831,FI_CCGT,2030,3,13,14,0.0
4832,FI_CCGT,2030,3,15,16,0.0
4833,FI_CCGT,2030,3,17,18,0.0
4834,FI_CCGT,2030,3,19,20,0.0
4835,FI_CCGT,2030,3,21,22,0.0
4836,FI_CCGT,2030,3,23,24,0.0
4837,FI_CCGT,2030,4,1,2,0.0
4838,FI_CCGT,2030,4,3,4,0.0
4839,FI_CCGT,2030,4,5,6,0.0
4840,FI_CCGT,2030,4,7,8,0.0
4841,FI_CCGT,2030,4,9,10,0.0
4842,FI_CCGT,2030,4,11,12,0.0
4843,FI_CCGT,2030,4,13,14,0.0
4844,FI_CCGT,2030,4,15,16,0.0
4845,FI_CCGT,2030,4,17,18,0.0
4846,FI_CCGT,2030,4,19,20,0.0
4847,FI_CCGT,2030,4,21,22,0.0
4848,FI_CCGT,2030,4,23,24,0.0
4849,FI_CCGT,2030,5,1,2,0.0
4850,FI_CCGT,2030,5,3,4,0.0
4851,FI_CCGT,2030,5,5,6,0.0
4852,FI_CCGT,2030,5,7,8,0.0
4853,FI_CCGT,2030,5,9,10,0.0
4854,FI_CCGT,2030,5,11,12,0.0
4855,FI_CCGT,2030,5,13,14,0.0
4856,FI_CCGT,2030,5,15,16,0.0
4857,FI_CCGT,2030,5,17,18,0.0
4858,FI_CCGT,2030,5,19,20,0.0
4859,FI_CCGT,2030,5,21,22,0.0
4860,FI_CCGT,2030,5,23,24,0.0
4861,FI_CCGT,2030,6,1,2,0.0
4862,FI_CCGT,2030,6,3,4,0.0
4863,FI_CCGT,2030,6,5,6,0.0
4864,FI_CCGT,2030,6,7,8,0.0
4865,FI_CCGT,2030,6,9,10,0.0
4866,FI_CCGT,2030,6,11,12,0.0
4867,FI_CCGT,2030,6,13,14,0.0
4868,FI_CCGT,2030,6,15,16,0.0
4869,FI_CCGT,2030,6,17,18,0.0
4870,FI_CCGT,2030,6,19,20,0.0
4871,FI_CCGT,2030,6,21,22,0.0
4872,FI_CCGT,2030,6,23,24,0.0
4873,FI_CCGT,2030,7,1,2,0.0
4874,FI_CCGT,2030,7,3,4,0.0
4875,FI_CCGT,2030,7,5,6,0.0
4876,FI_CCGT,2030,7,7,8,0.0
4877,FI_CCGT,2030,7,9,10,0.0
4878,FI_CCGT,2030,7,11,12,0.0
4879,FI_CCGT,2030,7,13,14,0.0
4880,FI_CCGT,2030,7,15,16,0.0
4881,FI_CCGT,2030,7,17,18,0.0
4882,FI_CCGT,2030,7,19,20,0.0
4883,FI_CCGT,2030,7,21,22,0.0
4884,FI_CCGT,2030,7,23,24,0.0
4885,FI_CCGT,2030,8,1,2,0.0
4886,FI_CCGT,2030,8,3,4,0.0
4887,FI_CCGT,2030,8,5,6,0.0
4888,FI_CCGT,2030,8,7,8,0.0
4889,FI_CCGT,2030,8,9,10,0.0
4890,FI_CCGT,2030,8,11,12,0.0
4891,FI_CCGT,2030,8,13,14,0.0
4892,FI_CCGT,2030,8,15,16,0.0
4893,FI_CCGT,2030,8,17,18,0.0
4894,FI_CCGT,2030,8,19,20,0.0
4895,FI_CCGT,2030,8,21,22,0.0
4896,FI_CCGT,2030,8,23,24,0.0
4897,FI_CCGT,2030,9,1,2,0.0
4898,FI_CCGT,2030,9,3,4,-22.540097116999004
4899,FI_CCGT,2030,9,5,6,0.0
4900,FI_CCGT,2030,9,7,8,0.0
4901,FI_CCGT,2030,9,9,10,0.0
4902,FI_CCGT,2030,9,11,12,-1.324800000000006
4903,FI_CCGT,2030,9,13,14,-1.324800000000006
4904,FI_CCGT,2030,9,15,16,0.0
4905,FI_CCGT,2030,9,17,18,0.0
4906,FI_CCGT,2030,9,19,20,0.0
4907,FI_CCGT,2030,9,21,22,0.0
4908,FI_CCGT,2030,9,23,24,0.0
4909,FI_CCGT,2030,10,1,2,0.0
4910,FI_CCGT,2030,10,3,4,0.0
4911,FI_CCGT,2030,10,5,6,0.0
4912,FI_CCGT,2030,10,7,8,0.0
4913,FI_CCGT,2030,10,9,10,0.0
4914,FI_CCGT,2030,10,11,12,0.0
4915,FI_CCGT,2030,10,13,14,0.0
4916,FI_CCGT,2030,10,15,16,0.0
4917,FI_CCGT,2030,10,17,18,0.0
4918,FI_CCGT,2030,10,19,20,0.0
4919,FI_CCGT,2030,10,21,22,0.0
4920,FI_CCGT,2030,10,23,24,0.0
4921,FI_Coal,2030,1,1,2,0.0
4922,FI_Coal,2030,1,3,4,0.0
4923,FI_Coal,2030,1,5,6,0.0
4924,FI_Coal,2030,1,7,8,0.0
4925,FI_Coal,2030,1,9,10,0.0
4926,FI_Coal,2030,1,11,12,0.0
4927,FI_Coal,2030,1,13,14,0.0
4928,FI_Coal,2030,1,15,16,0.0
4929,FI_Coal,2030,1,17,18,0.0
4930,FI_Coal,2030,1,19,20,0.0
4931,FI_Coal,2030,1,21,22,0.0
4932,FI_Coal,2030,1,23,24,0.0
4933,FI_Coal,2030,2,1,2,0.0
4934,FI_Coal,2030,2,3,4,0.0
4935,FI_Coal,2030,2,5,6,0.0
4936,FI_Coal,2030,2,7,8,0.0
4937,FI_Coal,2030,2,9,10,0.0
4938,FI_Coal,2030,2,11,12,0.0
4939,FI_Coal,2030,2,13,14,0.0
4940,FI_Coal,2030,2,15,16,0.0
4941,FI_Coal,2030,2,17,18,0.0
4942,FI_Coal,2030,2,19,20,0.0
4943,FI_Coal,2030,2,21,22,0.0
4944,FI_Coal,2030,2,23,24,0.0
4945,FI_Coal,2030,3,1,2,0.0
4946,FI_Coal,2030,3,3,4,0.0
4947,FI_Coal,2030,3,5,6,0.0
4948,FI_Coal,2030,3,7,8,0.0
4949,FI_Coal,2030,3,9,10,0.0
4950,FI_Coal,2030,3,11,12,0.0
4951,FI_Coal,2030,3,13,14,0.0
4952,FI_Coal,2030,3,15,16,0.0
4953,FI_Coal,2030,3,17,18,0.0
4954,FI_Coal,2030,3,19,20,0.0
4955,FI_Coal,2030,3,21,22,0.0
4956,FI_Coal,2030,3,23,24,0.0
4957,FI_Coal,2030,4,1,2,0.0
4958,FI_Coal,2030,4,3,4,0.0
4959,FI_Coal,2030,4,5,6,0.0
4960,FI_Coal,2030,4,7,8,0.0
4961,FI_Coal,2030,4,9,10,0.0
4962,FI_Coal,2030,4,11,12,0.0
4963,FI_Coal,2030,4,13,14,0.0
4964,FI_Coal,2030,4,15,16,0.0
4965,FI_Coal,2030,4,17,18,-0.7038
4966,FI_Coal,2030,4,19,20,0.0
4967,FI_Coal,2030,4,21,22,0.0
4968,FI_Coal,2030,4,23,24,0.0
4969,FI_Coal,2030,5,1,2,0.0
4970,FI_Coal,2030,5,3,4,0.0
4971,FI_Coal,2030,5,5,6,0.0
4972,FI_Coal,2030,5,7,8,0.0
4973,FI_Coal,2030,5,9,10,0.0
4974,FI_Coal,2030,5,11,12,0.0
4975,FI_Coal,2030,5,13,14,0.0
4976,FI_Coal,2030,5,15,16,0.0
4977,FI_Coal,2030,5,17,18,0.0
4978,FI_Coal,2030,5,19,20,0.0
4979,FI_Coal,2030,5,21,22,0.0
4980,FI_Coal,2030,5,23,24,0.0
4981,FI_Coal,2030,6,1,2,0.0
4982,FI_Coal,2030,6,3,4,0.0
4983,FI_Coal,2030,6,5,6,0.0
4984,FI_Coal,2030,6,7,8,0.0
4985,FI_Coal,2030,6,9,10,0.0
4986,FI_Coal,2030,6,11,12,0.0
4987,FI_Coal,2030,6,13,14,0.0
4988,FI_Coal,2030,6,15,16,0.0
4989,FI_Coal,2030,6,17,18,0.0
4990,FI_Coal,2030,6,19,20,0.0
4991,FI_Coal,2030,6,21,22,0.0
4992,FI_Coal,2030,6,23,24,0.0
4993,FI_Coal,2030,7,1,2,0.0
4994,FI_Coal,2030,7,3,4,0.0
4995,FI_Coal,2030,7,5,6,0.0
4996,FI_Coal,2030,7,7,8,0.0
4997,FI_Coal,2030,7,9,10,0.0
4998,FI_Coal,2030,7,11,12,0.0
4999,FI_Coal,2030,7,13,14,0.0
5000,FI_Coal,2030,7,15,16,0.0
5001,FI_Coal,2030,7,17,18,0.0
5002,FI_Coal,2030,7,19,20,0.0
5003,FI_Coal,2030,7,21,22,0.0
5004,FI_Coal,2030,7,23,24,0.0
5005,FI_Coal,2030,8,1,2,0.0
5006,FI_Coal,2030,8,3,4,0.0
5007,FI_Coal,2030,8,5,6,0.0
5008,FI_Coal,2030,8,7,8,0.0
5009,FI_Coal,2030,8,9,10,0.0
5010,FI_Coal,2030,8,11,12,0.0
5011,FI_Coal,2030,8,13,14,0.0
5012,FI_Coal,2030,8,15,16,0.0
5013,FI_Coal,2030,8,17,18,0.0
5014,FI_Coal,2030,8,19,20,0.0
5015,FI_Coal,2030,8,21,22,0.0
5016,FI_Coal,2030,8,23,24,0.0
5017,FI_Coal,2030,9,1,2,0.0
5018,FI_Coal,2030,9,3,4,-23.855897116999003
5019,FI_Coal,2030,9,5,6,0.0
5020,FI_Coal,2030,9,7,8,0.0
5021,FI_Coal,2030,9,9,10,0.0
5022,FI_Coal,2030,9,11,12,0.0
5023,FI_Coal,2030,9,13,14,0.0
5024,FI_Coal,2030,9,15,16,0.0
5025,FI_Coal,2030,9,17,18,0.0
5026,FI_Coal,2030,9,19,20,0.0
5027,FI_Coal,2030,9,21,22,0.0
5028,FI_Coal,2030,9,23,24,0.0
5029,FI_Coal,2030,10,1,2,0.0
5030,FI_Coal,2030,10,3,4,0.0
5031,FI_Coal,2030,10,5,6,0.0
5032,FI_Coal,2030,10,7,8,0.0
5033,FI_Coal,2030,10,9,10,0.0
5034,FI_Coal,2030,10,11,12,0.0
5035,FI_Coal,2030,10,13,14,0.0
5036,FI_Coal,2030,10,15,16,0.0
5037,FI_Coal,2030,10,17,18,0.0
5038,FI_Coal,2030,10,19,20,0.0
5039,FI_Coal,2030,10,21,22,0.0
5040,FI_Coal,2030,10,23,24,0.0
5041,FI_Nuclear,2030,1,1,2,0.0
5042,FI_Nuclear,2030,1,3,4,0.0
5043,FI_Nuclear,2030,1,5,6,0.0
5044,FI_Nuclear,2030,1,7,8,0.0
5045,FI_Nuclear,2030,1,9,10,0.0
5046,FI_Nuclear,2030,1,11,12,0.0
5047,FI_Nuclear,2030,1,13,14,0.0
5048,FI_Nuclear,2030,1,15,16,0.0
5049,FI_Nuclear,2030,1,17,18,0.0
5050,FI_Nuclear,2030,1,19,20,0.0
5051,FI_Nuclear,2030,1,21,22,0.0
5052,FI_Nuclear,2030,1,23,24,0.0
5053,FI_Nuclear,2030,2,1,2,0.0
5054,FI_Nuclear,2030,2,3,4,0.0
5055,FI_Nuclear,2030,2,5,6,0.0
5056,FI_Nuclear,2030,2,7,8,0.0
5057,FI_Nuclear,2030,2,9,10,0.0
5058,FI_Nuclear,2030,2,11,12,0.0
5059,FI_Nuclear,2030,2,13,14,0.0
5060,FI_Nuclear,2030,2,15,16,0.0
5061,FI_Nuclear,2030,2,17,18,0.0
5062,FI_Nuclear,2030,2,19,20,0.0
5063,FI_Nuclear,2030,2,21,22,0.0
5064,FI_Nuclear,2030,2,23,24,0.0
5065,FI_Nuclear,2030,3,1,2,0.0
5066,FI_Nuclear,2030,3,3,4,0.0
5067,FI_Nuclear,2030,3,5,6,0.0
5068,FI_Nuclear,2030,3,7,8,0.0
5069,FI_Nuclear,2030,3,9,10,0.0
5070,FI_Nuclear,2030,3,11,12,0.0
5071,FI_Nuclear,2030,3,13,14,0.0
5072,FI_Nuclear,2030,3,15,16,0.0
5073,FI_Nuclear,2030,3,17,18,0.0
5074,FI_Nuclear,2030,3,19,20,0.0
5075,FI_Nuclear,2030,3,21,22,0.0
5076,FI_Nuclear,2030,3,23,24,0.0
5077,FI_Nuclear,2030,4,1,2,0.0
5078,FI_Nuclear,2030,4,3,4,0.0
5079,FI_Nuclear,2030,4,5,6,0.0
5080,FI_Nuclear,2030,4,7,8,0.0
5081,FI_Nuclear,2030,4,9,10,0.0
5082,FI_Nuclear,2030,4,11,12,0.0
5083,FI_Nuclear,2030,4,13,14,0.0
5084,FI_Nuclear,2030,4,15,16,0.0
5085,FI_Nuclear,2030,4,17,18,0.0
5086,FI_Nuclear,2030,4,19,20,0.0
5087,FI_Nuclear,2030,4,21,22,0.0
5088,FI_Nuclear,2030,4,23,24,0.0
5089,FI_Nuclear,2030,5,1,2,0.0
5090,FI_Nuclear,2030,5,3,4,0.0
5091,FI_Nuclear,2030,5,5,6,0.0
5092,FI_Nuclear,2030,5,7,8,0.0
5093,FI_Nuclear,2030,5,9,10,0.0
5094,FI_Nuclear,2030,5,11,12,0.0
5095,FI_Nuclear,2030,5,13,14,0.0
5096,FI_Nuclear,2030,5,15,16,0.0
5097,FI_Nuclear,2030,5,17,18,0.0
5098,FI_Nuclear,2030,5,19,20,0.0
5099,FI_Nuclear,2030,5,21,22,0.0
5100,FI_Nuclear,2030,5,23,24,0.0
5101,FI_Nuclear,2030,6,1,2,0.0
5102,FI_Nuclear,2030,6,3,4,0.0
5103,FI_Nuclear,2030,6,5,6,0.0
5104,FI_Nuclear,2030,6,7,8,0.0
5105,FI_Nuclear,2030,6,9,10,0.0
5106,FI_Nuclear,2030,6,11,12,0.0
5107,FI_Nuclear,2030,6,13,14,0.0
5108,FI_Nuclear,2030,6,15,16,0.0
5109,FI_Nuclear,2030,6,17,18,0.0
5110,FI_Nuclear,2030,6,19,20,0.0
5111,FI_Nuclear,2030,6,21,22,0.0
5112,FI_Nuclear,2030,6,23,24,0.0
5113,FI_Nuclear,2030,7,1,2,0.0
5114,FI_Nuclear,2030,7,3,4,0.0
5115,FI_Nuclear,2030,7,5,6,0.0
5116,FI_Nuclear,2030,7,7,8,0.0
5117,FI_Nuclear,2030,7,9,10,0.0
5118,FI_Nuclear,2030,7,11,12,0.0
5119,FI_Nuclear,2030,7,13,14,0.0
5120,FI_Nuclear,2030,7,15,16,0.0
5121,FI_Nuclear,2030,7,17,18,0.0
5122,FI_Nuclear,2030,7,19,20,0.0
5123,FI_Nuclear,2030,7,21,22,0.0
5124,FI_Nuclear,2030,7,23,24,0.0
5125,FI_Nuclear,2030,8,1,2,0.0
5126,FI_Nuclear,2030,8,3,4,0.0
5127,FI_Nuclear,2030,8,5,6,0.0
5128,FI_Nuclear,2030,8,7,8,0.0
5129,FI_Nuclear,2030,8,9,10,0.0
5130,FI_Nuclear,2030,8,11,12,0.0
5131,FI_Nuclear,2030,8,13,14,0.0
5132,FI_Nuclear,2030,8,15,16,0.0
5133,FI_Nuclear,2030,8,17,18,0.0
5134,FI_Nuclear,2030,8,19,20,0.0
5135,FI_Nuclear,2030,8,21,22,0.0
5136,FI_Nuclear,2030,8,23,24,0.0
5137,FI_Nuclear,2030,9,1,2,0.0
5138,FI_Nuclear,2030,9,3,4,0.0
5139,FI_Nuclear,2030,9,5,6,0.0
5140,FI_Nuclear,2030,9,7,8,0.0
5141,FI_Nuclear,2030,9,9,10,0.0
5142,FI_Nuclear,2030,9,11,12,0.0
5143,FI_Nuclear,2030,9,13,14,0.0
5144,FI_Nuclear,2030,9,15,16,0.0
5145,FI_Nuclear,2030,9,17,18,0.0
5146,FI_Nuclear,2030,9,19,20,0.0
5147,FI_Nuclear,2030,9,21,22,0.0
5148,FI_Nuclear,2030,9,23,24,0.0
5149,FI_Nuclear,2030,10,1,2,0.0
5150,FI_Nuclear,2030,10,3,4,0.0
5151,FI_Nuclear,2030,10,5,6,0.0
5152,FI_Nuclear,2030,10,7,8,0.0
5153,FI_Nuclear,2030,10,9,10,0.0
5154,FI_Nuclear,2030,10,11,12,0.0
5155,FI_Nuclear,2030,10,13,14,0.0
5156,FI_Nuclear,2030,10,15,16,0.0
5157,FI_Nuclear,2030,10,17,18,0.0
5158,FI_Nuclear,2030,10,19,20,0.0
5159,FI_Nuclear,2030,10,21,22,0.0
5160,FI_Nuclear,2030,10,23,24,0.0
5161,FI_OCGT,2030,1,1,2,0.0
5162,FI_OCGT,2030,1,3,4,0.0
5163,FI_OCGT,2030,1,5,6,0.0
5164,FI_OCGT,2030,1,7,8,0.0
5165,FI_OCGT,2030,1,9,10,0.0
5166,FI_OCGT,2030,1,11,12,0.0
5167,FI_OCGT,2030,1,13,14,0.0
5168,FI_OCGT,2030,1,15,16,0.0
5169,FI_OCGT,2030,1,17,18,0.0
5170,FI_OCGT,2030,1,19,20,0.0
5171,FI_OCGT,2030,1,21,22,0.0
5172,FI_OCGT,2030,1,23,24,0.0
5173,FI_OCGT,2030,2,1,2,0.0
5174,FI_OCGT,2030,2,3,4,0.0
5175,FI_OCGT,2030,2,5,6,0.0
5176,FI_OCGT,2030,2,7,8,0.0
5177,FI_OCGT,2030,2,9,10,0.0
5178,FI_OCGT,2030,2,11,12,0.0
5179,FI_OCGT,2030,2,13,14,0.0
5180,FI_OCGT,2030,2,15,16,0.0
5181,FI_OCGT,2030,2,17,18,0.0
5182,FI_OCGT,2030,2,19,20,0.0
5183,FI_OCGT,2030,2,21,22,0.0
5184,FI_OCGT,2030,2,23,24,0.0
5185,FI_OCGT,2030,3,1,2,0.0
5186,FI_OCGT,2030,3,3,4,0.0
5187,FI_OCGT,2030,3,5,6,0.0
5188,FI_OCGT,2030,3,7,8,0.0
5189,FI_OCGT,2030,3,9,10,0.0
5190,FI_OCGT,2030,3,11,12,0.0
5191,FI_OCGT,2030,3,13,14,0.0
5192,FI_OCGT,2030,3,15,16,0.0
5193,FI_OCGT,2030,3,17,18,0.0
5194,FI_OCGT,2030,3,19,20,0.0
5195,FI_OCGT,2030,3,21,22,0.0
5196,FI_OCGT,2030,3,23,24,0.0
5197,FI_OCGT,2030,4,1,2,0.0
5198,FI_OCGT,2030,4,3,4,0.0
5199,FI_OCGT,2030,4,5,6,0.0
5200,FI_OCGT,2030,4,7,8,0.0
5201,FI_OCGT,2030,4,9,10,0.0
5202,FI_OCGT,2030,4,11,12,0.0
5203,FI_OCGT,2030,4,13,14,0.0
5204,FI_OCGT,2030,4,15,16,0.0
5205,FI_OCGT,2030,4,17,18,0.0
5206,FI_OCGT,2030,4,19,20,0.0
5207,FI_OCGT,2030,4,21,22,0.0
5208,FI_OCGT,2030,4,23,24,0.0
5209,FI_OCGT,2030,5,1,2,0.0
5210,FI_OCGT,2030,5,3,4,0.0
5211,FI_OCGT,2030,5,5,6,0.0
5212,FI_OCGT,2030,5,7,8,0.0
5213,FI_OCGT,2030,5,9,10,0.0
5214,FI_OCGT,2030,5,11,12,0.0
5215,FI_OCGT,2030,5,13,14,0.0
5216,FI_OCGT,2030,5,15,16,0.0
5217,FI_OCGT,2030,5,17,18,0.0
5218,FI_OCGT,2030,5,19,20,0.0
5219,FI_OCGT,2030,5,21,22,0.0
5220,FI_OCGT,2030,5,23,24,0.0
5221,FI_OCGT,2030,6,1,2,0.0
5222,FI_OCGT,2030,6,3,4,0.0
5223,FI_OCGT,2030,6,5,6,0.0
5224,FI_OCGT,2030,6,7,8,0.0
5225,FI_OCGT,2030,6,9,10,0.0
5226,FI_OCGT,2030,6,11,12,0.0
5227,FI_OCGT,2030,6,13,14,0.0
5228,FI_OCGT,2030,6,15,16,0.0
5229,FI_OCGT,2030,6,17,18,0.0
5230,FI_OCGT,2030,6,19,20,0.0
5231,FI_OCGT,2030,6,21,22,0.0
5232,FI_OCGT,2030,6,23,24,0.0
5233,FI_OCGT,2030,7,1,2,0.0
5234,FI_OCGT,2030,7,3,4,0.0
5235,FI_OCGT,2030,7,5,6,0.0
5236,FI_OCGT,2030,7,7,8,0.0
5237,FI_OCGT,2030,7,9,10,0.0
5238,FI_OCGT,2030,7,11,12,0.0
5239,FI_OCGT,2030,7,13,14,0.0
5240,FI_OCGT,2030,7,15,16,0.0
5241,FI_OCGT,2030,7,17,18,0.0
5242,FI_OCGT,2030,7,19,20,0.0
5243,FI_OCGT,2030,7,21,22,0.0
5244,FI_OCGT,2030,7,23,24,0.0
5245,FI_OCGT,2030,8,1,2,0.0
5246,FI_OCGT,2030,8,3,4,0.0
5247,FI_OCGT,2030,8,5,6,0.0
5248,FI_OCGT,2030,8,7,8,0.0
5249,FI_OCGT,2030,8,9,10,0.0
5250,FI_OCGT,2030,8,11,12,0.0
5251,FI_OCGT,2030,8,13,14,0.0
5252,FI_OCGT,2030,8,15,16,0.0
5253,FI_OCGT,2030,8,17,18,0.0
5254,FI_OCGT,2030,8,19,20,0.0
5255,FI_OCGT,2030,8,21,22,0.0
5256,FI_OCGT,2030,8,23,24,0.0
5257,FI_OCGT,2030,9,1,2,0.0
5258,FI_OCGT,2030,9,3,4,-20.992097116999005
5259,FI_OCGT,2030,9,5,6,0.0
5260,FI_OCGT,2030,9,7,8,0.0
5261,FI_OCGT,2030,9,9,10,0.0
5262,FI_OCGT,2030,9,11,12,0.0
5263,FI_OCGT,2030,9,13,14,0.0
5264,FI_OCGT,2030,9,15,16,0.0
5265,FI_OCGT,2030,9,17,18,0.0
5266,FI_OCGT,2030,9,19,20,0.0
5267,FI_OCGT,2030,9,21,22,0.0
5268,FI_OCGT,2030,9,23,24,0.0
5269,FI_OCGT,2030,10,1,2,0.0
5270,FI_OCGT,2030,10,3,4,0.0
5271,FI_OCGT,2030,10,5,6,0.0
5272,FI_OCGT,2030,10,7,8,0.0
5273,FI_OCGT,2030,10,9,10,0.0
5274,FI_OCGT,2030,10,11,12,0.0
5275,FI_OCGT,2030,10,13,14,0.0
5276,FI_OCGT,2030,10,15,16,0.0
5277,FI_OCGT,2030,10,17,18,0.0
5278,FI_OCGT,2030,10,19,20,0.0
5279,FI_OCGT,2030,10,21,22,0.0
5280,FI_OCGT,2030,10,23,24,0.0
5281,FR_CCGT,2030,1,1,2,0.0
5282,FR_CCGT,2030,1,3,4,0.0
5283,FR_CCGT,2030,1,5,6,0.0
5284,FR_CCGT,2030,1,7,8,0.0
5285,FR_CCGT,2030,1,9,10,0.0
5286,FR_CCGT,2030,1,11,12,0.0
5287,FR_CCGT,2030,1,13,14,0.0
5288,FR_CCGT,2030,1,15,16,0.0
5289,FR_CCGT,2030,1,17,18,0.0
5290,FR_CCGT,2030,1,19,20,0.0
5291,FR_CCGT,2030,1,21,22,0.0
5292,FR_CCGT,2030,1,23,24,0.0
5293,FR_CCGT,2030,2,1,2,0.0
5294,FR_CCGT,2030,2,3,4,0.0
5295,FR_CCGT,2030,2,5,6,0.0
5296,FR_CCGT,2030,2,7,8,0.0
5297,FR_CCGT,2030,2,9,10,0.0
5298,FR_CCGT,2030,2,11,12,0.0
5299,FR_CCGT,2030,2,13,14,0.0
5300,FR_CCGT,2030,2,15,16,0.0
5301,FR_CCGT,2030,2,17,18,0.0
5302,FR_CCGT,2030,2,19,20,0.0
5303,FR_CCGT,2030,2,21,22,0.0
5304,FR_CCGT,2030,2,23,24,0.0
5305,FR_CCGT,2030,3,1,2,0.0
5306,FR_CCGT,2030,3,3,4,0.0
5307,FR_CCGT,2030,3,5,6,0.0
5308,FR_CCGT,2030,3,7,8,0.0
5309,FR_CCGT,2030,3,9,10,0.0
5310,FR_CCGT,2030,3,11,12,0.0
5311,FR_CCGT,2030,3,13,14,0.0
5312,FR_CCGT,2030,3,15,16,0.0
5313,FR_CCGT,2030,3,17,18,0.0
5314,FR_CCGT,2030,3,19,20,0.0
5315,FR_CCGT,2030,3,21,22,0.0
5316,FR_CCGT,2030,3,23,24,0.0
5317,FR_CCGT,2030,4,1,2,0.0
5318,FR_CCGT,2030,4,3,4,0.0
5319,FR_CCGT,2030,4,5,6,0.0
5320,FR_CCGT,2030,4,7,8,0.0
5321,FR_CCGT,2030,4,9,10,0.0
5322,FR_CCGT,2030,4,11,12,0.0
5323,FR_CCGT,2030,4,13,14,0.0
5324,FR_CCGT,2030,4,15,16,0.0
5325,FR_CCGT,2030,4,17,18,0.0
5326,FR_CCGT,2030,4,19,20,0.0
5327,FR_CCGT,2030,4,21,22,0.0
5328,FR_CCGT,2030,4,23,24,0.0
5329,FR_CCGT,2030,5,1,2,0.0
5330,FR_CCGT,2030,5,3,4,0.0
5331,FR_CCGT,2030,5,5,6,0.0
5332,FR_CCGT,2030,5,7,8,0.0
5333,FR_CCGT,2030,5,9,10,0.0
5334,FR_CCGT,2030,5,11,12,0.0
5335,FR_CCGT,2030,5,13,14,0.0
5336,FR_CCGT,2030,5,15,16,0.0
5337,FR_CCGT,2030,5,17,18,0.0
5338,FR_CCGT,2030,5,19,20,0.0
5339,FR_CCGT,2030,5,21,22,0.0
5340,FR_CCGT,2030,5,23,24,0.0
5341,FR_CCGT,2030,6,1,2,0.0
5342,FR_CCGT,2030,6,3,4,0.0
5343,FR_CCGT,2030,6,5,6,0.0
5344,FR_CCGT,2030,6,7,8,0.0
5345,FR_CCGT,2030,6,9,10,0.0
5346,FR_CCGT,2030,6,11,12,0.0
5347,FR_CCGT,2030,6,13,14,0.0
5348,FR_CCGT,2030,6,15,16,0.0
5349,FR_CCGT,2030,6,17,18,0.0
5350,FR_CCGT,2030,6,19,20,0.0
5351,FR_CCGT,2030,6,21,22,0.0
5352,FR_CCGT,2030,6,23,24,0.0
5353,FR_CCGT,2030,7,1,2,0.0
5354,FR_CCGT,2030,7,3,4,0.0
5355,FR_CCGT,2030,7,5,6,0.0
5356,FR_CCGT,2030,7,7,8,0.0
5357,FR_CCGT,2030,7,9,10,0.0
5358,FR_CCGT,2030,7,11,12,0.0
5359,FR_CCGT,2030,7,13,14,0.0
5360,FR_CCGT,2030,7,15,16,0.0
5361,FR_CCGT,2030,7,17,18,0.0
5362,FR_CCGT,2030,7,19,20,0.0
5363,FR_CCGT,2030,7,21,22,0.0
5364,FR_CCGT,2030,7,23,24,0.0
5365,FR_CCGT,2030,8,1,2,0.0
5366,FR_CCGT,2030,8,3,4,0.0
5367,FR_CCGT,2030,8,5,6,0.0
5368,FR_CCGT,2030,8,7,8,0.0
5369,FR_CCGT,2030,8,9,10,0.0
5370,FR_CCGT,2030,8,11,12,0.0
5371,FR_CCGT,2030,8,13,14,0.0
5372,FR_CCGT,2030,8,15,16,0.0
5373,FR_CCGT,2030,8,17,18,0.0
5374,FR_CCGT,2030,8,19,20,0.0
5375,FR_CCGT,2030,8,21,22,0.0
5376,FR_CCGT,2030,8,23,24,0.0
5377,FR_CCGT,2030,9,1,2,0.0
5378,FR_CCGT,2030,9,3,4,0.0
5379,FR_CCGT,2030,9,5,6,0.0
5380,FR_CCGT,2030,9,7,8,0.0
5381,FR_CCGT,2030,9,9,10,0.0
5382,FR_CCGT,2030,9,11,12,0.0
5383,FR_CCGT,2030,9,13,14,0.0
5384,FR_CCGT,2030,9,15,16,0.0
5385,FR_CCGT,2030,9,17,18,0.0
5386,FR_CCGT,2030,9,19,20,0.0
5387,FR_CCGT,2030,9,21,22,0.0
5388,FR_CCGT,2030,9,23,24,0.0
5389,FR_CCGT,2030,10,1,2,0.0
5390,FR_CCGT,2030,10,3,4,0.0
5391,FR_CCGT,2030,10,5,6,0.0
5392,FR_CCGT,2030,10,7,8,0.0
5393,FR_CCGT,2030,10,9,10,0.0
5394,FR_CCGT,2030,10,11,12,0.0
5395,FR_CCGT,2030,10,13,14,0.0
5396,FR_CCGT,2030,10,15,16,0.0
5397,FR_CCGT,2030,10,17,18,0.0
5398,FR_CCGT,2030,10,19,20,0.0
5399,FR_CCGT,2030,10,21,22,0.0
5400,FR_CCGT,2030,10,23,24,0.0
5401,FR_Coal,2030,1,1,2,0.0
5402,FR_Coal,2030,1,3,4,0.0
5403,FR_Coal,2030,1,5,6,0.0
5404,FR_Coal,2030,1,7,8,0.0
5405,FR_Coal,2030,1,9,10,0.0
5406,FR_Coal,2030,1,11,12,0.0
5407,FR_Coal,2030,1,13,14,0.0
5408,FR_Coal,2030,1,15,16,0.0
5409,FR_Coal,2030,1,17,18,0.0
5410,FR_Coal,2030,1,19,20,0.0
5411,FR_Coal,2030,1,21,22,0.0
5412,FR_Coal,2030,1,23,24,0.0
5413,FR_Coal,2030,2,1,2,0.0
5414,FR_Coal,2030,2,3,4,0.0
5415,FR_Coal,2030,2,5,6,0.0
5416,FR_Coal,2030,2,7,8,0.0
5417,FR_Coal,2030,2,9,10,0.0
5418,FR_Coal,2030,2,11,12,0.0
5419,FR_Coal,2030,2,13,14,0.0
5420,FR_Coal,2030,2,15,16,0.0
5421,FR_Coal,2030,2,17,18,0.0
5422,FR_Coal,2030,2,19,20,0.0
5423,FR_Coal,2030,2,21,22,0.0
5424,FR_Coal,2030,2,23,24,0.0
5425,FR_Coal,2030,3,1,2,0.0
5426,FR_Coal,2030,3,3,4,0.0
5427,FR_Coal,2030,3,5,6,0.0
5428,FR_Coal,2030,3,7,8,0.0
5429,FR_Coal,2030,3,9,10,0.0
5430,FR_Coal,2030,3,11,12,0.0
5431,FR_Coal,2030,3,13,14,0.0
5432,FR_Coal,2030,3,15,16,0.0
5433,FR_Coal,2030,3,17,18,-0.8874000000000002
5434,FR_Coal,2030,3,19,20,0.0
5435,FR_Coal,2030,3,21,22,0.0
5436,FR_Coal,2030,3,23,24,0.0
5437,FR_Coal,2030,4,1,2,0.0
5438,FR_Coal,2030,4,3,4,0.0
5439,FR_Coal,2030,4,5,6,0.0
5440,FR_Coal,2030,4,7,8,0.0
5441,FR_Coal,2030,4,9,10,0.0
5442,FR_Coal,2030,4,11,12,0.0
5443,FR_Coal,2030,4,13,14,0.0
5444,FR_Coal,2030,4,15,16,0.0
5445,FR_Coal,2030,4,17,18,0.0
5446,FR_Coal,2030,4,19,20,0.0
5447,FR_Coal,2030,4,21,22,0.0
5448,FR_Coal,2030,4,23,24,0.0
5449,FR_Coal,2030,5,1,2,0.0
5450,FR_Coal,2030,5,3,4,0.0
5451,FR_Coal,2030,5,5,6,0.0
5452,FR_Coal,2030,5,7,8,0.0
5453,FR_Coal,2030,5,9,10,0.0
5454,FR_Coal,2030,5,11,12,0.0
5455,FR_Coal,2030,5,13,14,0.0
5456,FR_Coal,2030,5,15,16,0.0
5457,FR_Coal,2030,5,17,18,0.0
5458,FR_Coal,2030,5,19,20,0.0
5459,FR_Coal,2030,5,21,22,0.0
5460,FR_Coal,2030,5,23,24,0.0
5461,FR_Coal,2030,6,1,2,0.0
5462,FR_Coal,2030,6,3,4,0.0
5463,FR_Coal,2030,6,5,6,0.0
5464,FR_Coal,2030,6,7,8,0.0
5465,FR_Coal,2030,6,9,10,0.0
5466,FR_Coal,2030,6,11,12,0.0
5467,FR_Coal,2030,6,13,14,0.0
5468,FR_Coal,2030,6,15,16,0.0
5469,FR_Coal,2030,6,17,18,0.0
5470,FR_Coal,2030,6,19,20,0.0
5471,FR_Coal,2030,6,21,22,0.0
5472,FR_Coal,2030,6,23,24,0.0
5473,FR_Coal,2030,7,1,2,0.0
5474,FR_Coal,2030,7,3,4,0.0
5475,FR_Coal,2030,7,5,6,0.0
5476,FR_Coal,2030,7,7,8,0.0
5477,FR_Coal,2030,7,9,10,0.0
5478,FR_Coal,2030,7,11,12,0.0
5479,FR_Coal,2030,7,13,14,0.0
5480,FR_Coal,2030,7,15,16,0.0
5481,FR_Coal,2030,7,17,18,0.0
5482,FR_Coal,2030,7,19,20,0.0
5483,FR_Coal,2030,7,21,22,0.0
5484,FR_Coal,2030,7,23,24,0.0
5485,FR_Coal,2030,8,1,2,0.0
5486,FR_Coal,2030,8,3,4,0.0
5487,FR_Coal,2030,8,5,6,0.0
5488,FR_Coal,2030,8,7,8,0.0
5489,FR_Coal,2030,8,9,10,0.0
5490,FR_Coal,2030,8,11,12,0.0
5491,FR_Coal,2030,8,13,14,0.0
5492,FR_Coal,2030,8,15,16,0.0
5493,FR_Coal,2030,8,17,18,0.0
5494,FR_Coal,2030,8,19,20,0.0
5495,FR_Coal,2030,8,21,22,0.0
5496,FR_Coal,2030,8,23,24,0.0
5497,FR_Coal,2030,9,1,2,0.0
5498,FR_Coal,2030,9,3,4,0.0
5499,FR_Coal,2030,9,5,6,0.0
5500,FR_Coal,2030,9,7,8,0.0
5501,FR_Coal,2030,9,9,10,0.0
5502,FR_Coal,2030,9,11,12,0.0
5503,FR_Coal,2030,9,13,14,0.0
5504,FR_Coal,2030,9,15,16,0.0
5505,FR_Coal,2030,9,17,18,0.0
5506,FR_Coal,2030,9,19,20,0.0
5507,FR_Coal,2030,9,21,22,0.0
5508,FR_Coal,2030,9,23,24,0.0
5509,FR_Coal,2030,10,1,2,0.0
5510,FR_Coal,2030,10,3,4,0.0
5511,FR_Coal,2030,10,5,6,0.0
5512,FR_Coal,2030,10,7,8,0.0
5513,FR_Coal,2030,10,9,10,0.0
5514,FR_Coal,2030,10,11,12,0.0
5515,FR_Coal,2030,10,13,14,0.0
5516,FR_Coal,2030,10,15,16,0.0
5517,FR_Coal,2030,10,17,18,0.0
5518,FR_Coal,2030,10,19,20,0.0
5519,FR_Coal,2030,10,21,22,0.0
5520,FR_Coal,2030,10,23,24,0.0
5521,FR_Nuclear,2030,1,1,2,0.0
5522,FR_Nuclear,2030,1,3,4,0.0
5523,FR_Nuclear,2030,1,5,6,0.0
5524,FR_Nuclear,2030,1,7,8,0.0
5525,FR_Nuclear,2030,1,9,10,0.0
5526,FR_Nuclear,2030,1,11,12,0.0
5527,FR_Nuclear,2030,1,13,14,0.0
5528,FR_Nuclear,2030,1,15,16,0.0
5529,FR_Nuclear,2030,1,17,18,0.0
5530,FR_Nuclear,2030,1,19,20,0.0
5531,FR_Nuclear,2030,1,21,22,0.0
5532,FR_Nuclear,2030,1,23,24,0.0
5533,FR_Nuclear,2030,2,1,2,0.0
5534,FR_Nuclear,2030,2,3,4,0.0
5535,FR_Nuclear,2030,2,5,6,0.0
5536,FR_Nuclear,2030,2,7,8,0.0
5537,FR_Nuclear,2030,2,9,10,0.0
5538,FR_Nuclear,2030,2,11,12,0.0
5539,FR_Nuclear,2030,2,13,14,0.0
5540,FR_Nuclear,2030,2,15,16,0.0
5541,FR_Nuclear,2030,2,17,18,0.0
5542,FR_Nuclear,2030,2,19,20,0.0
5543,FR_Nuclear,2030,2,21,22,0.0
5544,FR_Nuclear,2030,2,23,24,0.0
5545,FR_Nuclear,2030,3,1,2,0.0
5546,FR_Nuclear,2030,3,3,4,0.0
5547,FR_Nuclear,2030,3,5,6,0.0
5548,FR_Nuclear,2030,3,7,8,0.0
5549,FR_Nuclear,2030,3,9,10,0.0
5550,FR_Nuclear,2030,3,11,12,0.0
5551,FR_Nuclear,2030,3,13,14,0.0
5552,FR_Nuclear,2030,3,15,16,0.0
5553,FR_Nuclear,2030,3,17,18,0.0
5554,FR_Nuclear,2030,3,19,20,0.0
5555,FR_Nuclear,2030,3,21,22,0.0
5556,FR_Nuclear,2030,3,23,24,0.0
5557,FR_Nuclear,2030,4,1,2,0.0
5558,FR_Nuclear,2030,4,3,4,0.0
5559,FR_Nuclear,2030,4,5,6,0.0
5560,FR_Nuclear,2030,4,7,8,0.0
5561,FR_Nuclear,2030,4,9,10,0.0
5562,FR_Nuclear,2030,4,11,12,0.0
5563,FR_Nuclear,2030,4,13,14,0.0
5564,FR_Nuclear,2030,4,15,16,0.0
5565,FR_Nuclear,2030,4,17,18,0.0
5566,FR_Nuclear,2030,4,19,20,0.0
5567,FR_Nuclear,2030,4,21,22,0.0
5568,FR_Nuclear,2030,4,23,24,0.0
5569,FR_Nuclear,2030,5,1,2,0.0
5570,FR_Nuclear,2030,5,3,4,0.0
5571,FR_Nuclear,2030,5,5,6,0.0
5572,FR_Nuclear,2030,5,7,8,0.0
5573,FR_Nuclear,2030,5,9,10,0.0
5574,FR_Nuclear,2030,5,11,12,0.0
5575,FR_Nuclear,2030,5,13,14,0.0
5576,FR_Nuclear,2030,5,15,16,0.0
5577,FR_Nuclear,2030,5,17,18,0.0
5578,FR_Nuclear,2030,5,19,20,0.0
5579,FR_Nuclear,2030,5,21,22,0.0
5580,FR_Nuclear,2030,5,23,24,0.0
5581,FR_Nuclear,2030,6,1,2,0.0
5582,FR_Nuclear,2030,6,3,4,0.0
5583,FR_Nuclear,2030,6,5,6,0.0
5584,FR_Nuclear,2030,6,7,8,0.0
5585,FR_Nuclear,2030,6,9,10,0.0
5586,FR_Nuclear,2030,6,11,12,0.0
5587,FR_Nuclear,2030,6,13,14,0.0
5588,FR_Nuclear,2030,6,15,16,0.0
5589,FR_Nuclear,2030,6,17,18,0.0
5590,FR_Nuclear,2030,6,19,20,0.0
5591,FR_Nuclear,2030,6,21,22,0.0
5592,FR_Nuclear,2030,6,23,24,0.0
5593,FR_Nuclear,2030,7,1,2,0.0
5594,FR_Nuclear,2030,7,3,4,0.0
5595,FR_Nuclear,2030,7,5,6,0.0
5596,FR_Nuclear,2030,7,7,8,0.0
5597,FR_Nuclear,2030,7,9,10,0.0
5598,FR_Nuclear,2030,7,11,12,0.0
5599,FR_Nuclear,2030,7,13,14,0.0
5600,FR_Nuclear,2030,7,15,16,0.0
5601,FR_Nuclear,2030,7,17,18,0.0
5602,FR_Nuclear,2030,7,19,20,0.0
5603,FR_Nuclear,2030,7,21,22,0.0
5604,FR_Nuclear,2030,7,23,24,0.0
5605,FR_Nuclear,2030,8,1,2,0.0
5606,FR_Nuclear,2030,8,3,4,0.0
5607,FR_Nuclear,2030,8,5,6,0.0
5608,FR_Nuclear,2030,8,7,8,0.0
5609,FR_Nuclear,2030,8,9,10,0.0
5610,FR_Nuclear,2030,8,11,12,0.0
5611,FR_Nuclear,2030,8,13,14,0.0
5612,FR_Nuclear,2030,8,15,16,0.0
5613,FR_Nuclear,2030,8,17,18,0.0
5614,FR_Nuclear,2030,8,19,20,0.0
5615,FR_Nuclear,2030,8,21,22,0.0
5616,FR_Nuclear,2030,8,23,24,0.0
5617,FR_Nuclear,2030,9,1,2,0.0
5618,FR_Nuclear,2030,9,3,4,0.0
5619,FR_Nuclear,2030,9,5,6,0.0
5620,FR_Nuclear,2030,9,7,8,0.0
5621,FR_Nuclear,2030,9,9,10,0.0
5622,FR_Nuclear,2030,9,11,12,0.0
5623,FR_Nuclear,2030,9,13,14,0.0
5624,FR_Nuclear,2030,9,15,16,0.0
5625,FR_Nuclear,2030,9,17,18,0.0
5626,FR_Nuclear,2030,9,19,20,0.0
5627,FR_Nuclear,2030,9,21,22,0.0
5628,FR_Nuclear,2030,9,23,24,0.0
5629,FR_Nuclear,2030,10,1,2,0.0
5630,FR_Nuclear,2030,10,3,4,0.0
5631,FR_Nuclear,2030,10,5,6,0.0
5632,FR_Nuclear,2030,10,7,8,0.0
5633,FR_Nuclear,2030,10,9,10,0.0
5634,FR_Nuclear,2030,10,11,12,0.0
5635,FR_Nuclear,2030,10,13,14,0.0
5636,FR_Nuclear,2030,10,15,16,0.0
5637,FR_Nuclear,2030,10,17,18,0.0
5638,FR_Nuclear,2030,10,19,20,0.0
5639,FR_Nuclear,2030,10,21,22,0.0
5640,FR_Nuclear,2030,10,23,24,0.0
5641,FR_OCGT,2030,1,1,2,0.0
5642,FR_OCGT,2030,1,3,4,0.0
5643,FR_OCGT,2030,1,5,6,0.0
5644,FR_OCGT,2030,1,7,8,0.0
5645,FR_OCGT,2030,1,9,10,0.0
5646,FR_OCGT,2030,1,11,12,0.0
5647,FR_OCGT,2030,1,13,14,0.0
5648,FR_OCGT,2030,1,15,16,0.0
5649,FR_OCGT,2030,1,17,18,0.0
5650,FR_OCGT,2030,1,19,20,0.0
5651,FR_OCGT,2030,1,21,22,0.0
5652,FR_OCGT,2030,1,23,24,0.0
5653,FR_OCGT,2030,2,1,2,0.0
5654,FR_OCGT,2030,2,3,4,0.0
5655,FR_OCGT,2030,2,5,6,0.0
5656,FR_OCGT,2030,2,7,8,0.0
5657,FR_OCGT,2030,2,9,10,0.0
5658,FR_OCGT,2030,2,11,12,0.0
5659,FR_OCGT,2030,2,13,14,0.0
5660,FR_OCGT,2030,2,15,16,0.0
5661,FR_OCGT,2030,2,17,18,0.0
5662,FR_OCGT,2030,2,19,20,0.0
5663,FR_OCGT,2030,2,21,22,0.0
5664,FR_OCGT,2030,2,23,24,0.0
5665,FR_OCGT,2030,3,1,2,0.0
5666,FR_OCGT,2030,3,3,4,0.0
5667,FR_OCGT,2030,3,5,6,0.0
5668,FR_OCGT,2030,3,7,8,0.0
5669,FR_OCGT,2030,3,9,10,0.0
5670,FR_OCGT,2030,3,11,12,0.0
5671,FR_OCGT,2030,3,13,14,0.0
5672,FR_OCGT,2030,3,15,16,0.0
5673,FR_OCGT,2030,3,17,18,0.0
5674,FR_OCGT,2030,3,19,20,0.0
5675,FR_OCGT,2030,3,21,22,0.0
5676,FR_OCGT,2030,3,23,24,0.0
5677,FR_OCGT,2030,4,1,2,0.0
5678,FR_OCGT,2030,4,3,4,0.0
5679,FR_OCGT,2030,4,5,6,0.0
5680,FR_OCGT,2030,4,7,8,0.0
5681,FR_OCGT,2030,4,9,10,0.0
5682,FR_OCGT,2030,4,11,12,0.0
5683,FR_OCGT,2030,4,13,14,0.0
5684,FR_OCGT,2030,4,15,16,0.0
5685,FR_OCGT,2030,4,17,18,0.0
5686,FR_OCGT,2030,4,19,20,0.0
5687,FR_OCGT,2030,4,21,22,0.0
5688,FR_OCGT,2030,4,23,24,0.0
5689,FR_OCGT,2030,5,1,2,0.0
5690,FR_OCGT,2030,5,3,4,0.0
5691,FR_OCGT,2030,5,5,6,0.0
5692,FR_OCGT,2030,5,7,8,0.0
5693,FR_OCGT,2030,5,9,10,0.0
5694,FR_OCGT,2030,5,11,12,0.0
5695,FR_OCGT,2030,5,13,14,0.0
5696,FR_OCGT,2030,5,15,16,0.0
5697,FR_OCGT,2030,5,17,18,0.0
5698,FR_OCGT,2030,5,19,20,0.0
5699,FR_OCGT,2030,5,21,22,0.0
5700,FR_OCGT,2030,5,23,24,0.0
5701,FR_OCGT,2030,6,1,2,0.0
5702,FR_OCGT,2030,6,3,4,0.0
5703,FR_OCGT,2030,6,5,6,0.0
5704,FR_OCGT,2030,6,7,8,0.0
5705,FR_OCGT,2030,6,9,10,0.0
5706,FR_OCGT,2030,6,11,12,0.0
5707,FR_OCGT,2030,6,13,14,0.0
5708,FR_OCGT,2030,6,15,16,0.0
5709,FR_OCGT,2030,6,17,18,0.0
5710,FR_OCGT,2030,6,19,20,0.0
5711,FR_OCGT,2030,6,21,22,0.0
5712,FR_OCGT,2030,6,23,24,0.0
5713,FR_OCGT,2030,7,1,2,0.0
5714,FR_OCGT,2030,7,3,4,0.0
5715,FR_OCGT,2030,7,5,6,0.0
5716,FR_OCGT,2030,7,7,8,0.0
5717,FR_OCGT,2030,7,9,10,0.0
5718,FR_OCGT,2030,7,11,12,0.0
5719,FR_OCGT,2030,7,13,14,0.0
5720,FR_OCGT,2030,7,15,16,0.0
5721,FR_OCGT,2030,7,17,18,0.0
5722,FR_OCGT,2030,7,19,20,0.0
5723,FR_OCGT,2030,7,21,22,0.0
5724,FR_OCGT,2030,7,23,24,0.0
5725,FR_OCGT,2030,8,1,2,0.0
5726,FR_OCGT,2030,8,3,4,0.0
5727,FR_OCGT,2030,8,5,6,0.0
5728,FR_OCGT,2030,8,7,8,0.0
5729,FR_OCGT,2030,8,9,10,0.0
5730,FR_OCGT,2030,8,11,12,0.0
5731,FR_OCGT,2030,8,13,14,0.0
5732,FR_OCGT,2030,8,15,16,0.0
5733,FR_OCGT,2030,8,17,18,0.0
5734,FR_OCGT,2030,8,19,20,0.0
5735,FR_OCGT,2030,8,21,22,0.0
5736,FR_OCGT,2030,8,23,24,0.0
5737,FR_OCGT,2030,9,1,2,0.0
5738,FR_OCGT,2030,9,3,4,0.0
5739,FR_OCGT,2030,9,5,6,0.0
5740,FR_OCGT,2030,9,7,8,0.0
5741,FR_OCGT,2030,9,9,10,0.0
5742,FR_OCGT,2030,9,11,12,0.0
5743,FR_OCGT,2030,9,13,14,0.0
5744,FR_OCGT,2030,9,15,16,0.0
5745,FR_OCGT,2030,9,17,18,0.0
5746,FR_OCGT,2030,9,19,20,0.0
5747,FR_OCGT,2030,9,21,22,0.0
5748,FR_OCGT,2030,9,23,24,0.0
5749,FR_OCGT,2030,10,1,2,0.0
5750,FR_OCGT,2030,10,3,4,0.0
5751,FR_OCGT,2030,10,5,6,0.0
5752,FR_OCGT,2030,10,7,8,0.0
5753,FR_OCGT,2030,10,9,10,0.0
5754,FR_OCGT,2030,10,11,12,0.0
5755,FR_OCGT,2030,10,13,14,0.0
5756,FR_OCGT,2030,10,15,16,0.0
5757,FR_OCGT,2030,10,17,18,0.0
5758,FR_OCGT,2030,10,19,20,0.0
5759,FR_OCGT,2030,10,21,22,0.0
5760,FR_OCGT,2030,10,23,24,0.0
5761,GR_CCGT,2030,1,1,2,0.0
5762,GR_CCGT,2030,1,3,4,0.0
5763,GR_CCGT,2030,1,5,6,0.0
5764,GR_CCGT,2030,1,7,8,0.0
5765,GR_CCGT,2030,1,9,10,0.0
5766,GR_CCGT,2030,1,11,12,0.0
5767,GR_CCGT,2030,1,13,14,0.0
5768,GR_CCGT,2030,1,15,16,0.0
5769,GR_CCGT,2030,1,17,18,0.0
5770,GR_CCGT,2030,1,19,20,0.0
5771,GR_CCGT,2030,1,21,22,0.0
5772,GR_CCGT,2030,1,23,24,0.0
5773,GR_CCGT,2030,2,1,2,0.0
5774,GR_CCGT,2030,2,3,4,0.0
5775,GR_CCGT,2030,2,5,6,0.0
5776,GR_CCGT,2030,2,7,8,0.0
5777,GR_CCGT,2030,2,9,10,0.0
5778,GR_CCGT,2030,2,11,12,0.0
5779,GR_CCGT,2030,2,13,14,0.0
5780,GR_CCGT,2030,2,15,16,0.0
5781,GR_CCGT,2030,2,17,18,0.0
5782,GR_CCGT,2030,2,19,20,0.0
5783,GR_CCGT,2030,2,21,22,0.0
5784,GR_CCGT,2030,2,23,24,0.0
5785,GR_CCGT,2030,3,1,2,0.0
5786,GR_CCGT,2030,3,3,4,0.0
5787,GR_CCGT,2030,3,5,6,0.0
5788,GR_CCGT,2030,3,7,8,0.0
5789,GR_CCGT,2030,3,9,10,0.0
5790,GR_CCGT,2030,3,11,12,0.0
5791,GR_CCGT,2030,3,13,14,0.0
5792,GR_CCGT,2030,3,15,16,0.0
5793,GR_CCGT,2030,3,17,18,0.0
5794,GR_CCGT,2030,3,19,20,0.0
5795,GR_CCGT,2030,3,21,22,0.0
5796,GR_CCGT,2030,3,23,24,0.0
5797,GR_CCGT,2030,4,1,2,0.0
5798,GR_CCGT,2030,4,3,4,0.0
5799,GR_CCGT,2030,4,5,6,0.0
5800,GR_CCGT,2030,4,7,8,0.0
5801,GR_CCGT,2030,4,9,10,0.0
5802,GR_CCGT,2030,4,11,12,0.0
5803,GR_CCGT,2030,4,13,14,0.0
5804,GR_CCGT,2030,4,15,16,0.0
5805,GR_CCGT,2030,4,17,18,0.0
5806,GR_CCGT,2030,4,19,20,0.0
5807,GR_CCGT,2030,4,21,22,0.0
5808,GR_CCGT,2030,4,23,24,0.0
5809,GR_CCGT,2030,5,1,2,0.0
5810,GR_CCGT,2030,5,3,4,0.0
5811,GR_CCGT,2030,5,5,6,0.0
5812,GR_CCGT,2030,5,7,8,0.0
5813,GR_CCGT,2030,5,9,10,0.0
5814,GR_CCGT,2030,5,11,12,0.0
5815,GR_CCGT,2030,5,13,14,0.0
5816,GR_CCGT,2030,5,15,16,0.0
5817,GR_CCGT,2030,5,17,18,0.0
5818,GR_CCGT,2030,5,19,20,0.0
5819,GR_CCGT,2030,5,21,22,0.0
5820,GR_CCGT,2030,5,23,24,0.0
5821,GR_CCGT,2030,6,1,2,0.0
5822,GR_CCGT,2030,6,3,4,0.0
5823,GR_CCGT,2030,6,5,6,0.0
5824,GR_CCGT,2030,6,7,8,0.0
5825,GR_CCGT,2030,6,9,10,0.0
5826,GR_CCGT,2030,6,11,12,0.0
5827,GR_CCGT,2030,6,13,14,0.0
5828,GR_CCGT,2030,6,15,16,0.0
5829,GR_CCGT,2030,6,17,18,0.0
5830,GR_CCGT,2030,6,19,20,0.0
5831,GR_CCGT,2030,6,21,22,0.0
5832,GR_CCGT,2030,6,23,24,0.0
5833,GR_CCGT,2030,7,1,2,0.0
5834,GR_CCGT,2030,7,3,4,0.0
5835,GR_CCGT,2030,7,5,6,0.0
5836,GR_CCGT,2030,7,7,8,0.0
5837,GR_CCGT,2030,7,9,10,0.0
5838,GR_CCGT,2030,7,11,12,0.0
5839,GR_CCGT,2030,7,13,14,0.0
5840,GR_CCGT,2030,7,15,16,0.0
5841,GR_CCGT,2030,7,17,18,0.0
5842,GR_CCGT,2030,7,19,20,0.0
5843,GR_CCGT,2030,7,21,22,0.0
5844,GR_CCGT,2030,7,23,24,0.0
5845,GR_CCGT,2030,8,1,2,0.0
5846,GR_CCGT,2030,8,3,4,0.0
5847,GR_CCGT,2030,8,5,6,0.0
5848,GR_CCGT,2030,8,7,8,0.0
5849,GR_CCGT,2030,8,9,10,0.0
5850,GR_CCGT,2030,8,11,12,0.0
5851,GR_CCGT,2030,8,13,14,0.0
5852,GR_CCGT,2030,8,15,16,0.0
5853,GR_CCGT,2030,8,17,18,0.0
5854,GR_CCGT,2030,8,19,20,0.0
5855,GR_CCGT,2030,8,21,22,0.0
5856,GR_CCGT,2030,8,23,24,0.0
5857,GR_CCGT,2030,9,1,2,0.0
5858,GR_CCGT,2030,9,3,4,0.0
5859,GR_CCGT,2030,9,5,6,0.0
5860,GR_CCGT,2030,9,7,8,0.0
5861,GR_CCGT,2030,9,9,10,0.0
5862,GR_CCGT,2030,9,11,12,0.0
5863,GR_CCGT,2030,9,13,14,0.0
5864,GR_CCGT,2030,9,15,16,0.0
5865,GR_CCGT,2030,9,17,18,0.0
5866,GR_CCGT,2030,9,19,20,0.0
5867,GR_CCGT,2030,9,21,22,0.0
5868,GR_CCGT,2030,9,23,24,0.0
5869,GR_CCGT,2030,10,1,2,0.0
5870,GR_CCGT,2030,10,3,4,0.0
5871,GR_CCGT,2030,10,5,6,0.0
5872,GR_CCGT,2030,10,7,8,0.0
5873,GR_CCGT,2030,10,9,10,0.0
5874,GR_CCGT,2030,10,11,12,0.0
5875,GR_CCGT,2030,10,13,14,0.0
5876,GR_CCGT,2030,10,15,16,0.0
5877,GR_CCGT,2030,10,17,18,0.0
5878,GR_CCGT,2030,10,19,20,0.0
5879,GR_CCGT,2030,10,21,22,0.0
5880,GR_CCGT,2030,10,23,24,0.0
5881,GR_Coal,2030,1,1,2,0.0
5882,GR_Coal,2030,1,3,4,0.0
5883,GR_Coal,2030,1,5,6,0.0
5884,GR_Coal,2030,1,7,8,0.0
5885,GR_Coal,2030,1,9,10,0.0
5886,GR_Coal,2030,1,11,12,0.0
5887,GR_Coal,2030,1,13,14,0.0
5888,GR_Coal,2030,1,15,16,0.0
5889,GR_Coal,2030,1,17,18,0.0
5890,GR_Coal,2030,1,19,20,0.0
5891,GR_Coal,2030,1,21,22,0.0
5892,GR_Coal,2030,1,23,24,0.0
5893,GR_Coal,2030,2,1,2,0.0
5894,GR_Coal,2030,2,3,4,0.0
5895,GR_Coal,2030,2,5,6,0.0
5896,GR_Coal,2030,2,7,8,0.0
5897,GR_Coal,2030,2,9,10,0.0
5898,GR_Coal,2030,2,11,12,0.0
5899,GR_Coal,2030,2,13,14,0.0
5900,GR_Coal,2030,2,15,16,0.0
5901,GR_Coal,2030,2,17,18,0.0
5902,GR_Coal,2030,2,19,20,0.0
5903,GR_Coal,2030,2,21,22,0.0
5904,GR_Coal,2030,2,23,24,0.0
5905,GR_Coal,2030,3,1,2,0.0
5906,GR_Coal,2030,3,3,4,0.0
5907,GR_Coal,2030,3,5,6,0.0
5908,GR_Coal,2030,3,7,8,0.0
5909,GR_Coal,2030,3,9,10,0.0
5910,GR_Coal,2030,3,11,12,-0.8874000000000002
5911,GR_Coal,2030,3,13,14,0.0
5912,GR_Coal,2030,3,15,16,0.0
5913,GR_Coal,2030,3,17,18,0.0
5914,GR_Coal,2030,3,19,20,0.0
5915,GR_Coal,2030,3,21,22,0.0
5916,GR_Coal,2030,3,23,24,0.0
5917,GR_Coal,2030,4,1,2,0.0
5918,GR_Coal,2030,4,3,4,0.0
5919,GR_Coal,2030,4,5,6,0.0
5920,GR_Coal,2030,4,7,8,0.0
5921,GR_Coal,2030,4,9,10,0.0
5922,GR_Coal,2030,4,11,12,0.0
5923,GR_Coal,2030,4,13,14,0.0
5924,GR_Coal,2030,4,15,16,0.0
5925,GR_Coal,2030,4,17,18,0.0
5926,GR_Coal,2030,4,19,20,0.0
5927,GR_Coal,2030,4,21,22,0.0
5928,GR_Coal,2030,4,23,24,0.0
5929,GR_Coal,2030,5,1,2,0.0
5930,GR_Coal,2030,5,3,4,0.0
5931,GR_Coal,2030,5,5,6,0.0
5932,GR_Coal,2030,5,7,8,0.0
5933,GR_Coal,2030,5,9,10,0.0
5934,GR_Coal,2030,5,11,12,0.0
5935,GR_Coal,2030,5,13,14,0.0
5936,GR_Coal,2030,5,15,16,0.0
5937,GR_Coal,2030,5,17,18,0.0
5938,GR_Coal,2030,5,19,20,0.0
5939,GR_Coal,2030,5,21,22,0.0
5940,GR_Coal,2030,5,23,24,0.0
5941,GR_Coal,2030,6,1,2,0.0
5942,GR_Coal,2030,6,3,4,0.0
5943,GR_Coal,2030,6,5,6,0.0
5944,GR_Coal,2030,6,7,8,0.0
5945,GR_Coal,2030,6,9,10,0.0
5946,GR_Coal,2030,6,11,12,0.0
5947,GR_Coal,2030,6,13,14,0.0
5948,GR_Coal,2030,6,15,16,0.0
5949,GR_Coal,2030,6,17,18,0.0
5950,GR_Coal,2030,6,19,20,0.0
5951,GR_Coal,2030,6,21,22,0.0
5952,GR_Coal,2030,6,23,24,0.0
5953,GR_Coal,2030,7,1,2,0.0
5954,GR_Coal,2030,7,3,4,0.0
5955,GR_Coal,2030,7,5,6,0.0
5956,GR_Coal,2030,7,7,8,0.0
5957,GR_Coal,2030,7,9,10,0.0
5958,GR_Coal,2030,7,11,12,0.0
5959,GR_Coal,2030,7,13,14,0.0
5960,GR_Coal,2030,7,15,16,0.0
5961,GR_Coal,2030,7,17,18,0.0
5962,GR_Coal,2030,7,19,20,0.0
5963,GR_Coal,2030,7,21,22,0.0
5964,GR_Coal,2030,7,23,24,0.0
5965,GR_Coal,2030,8,1,2,0.0
5966,GR_Coal,2030,8,3,4,0.0
5967,GR_Coal,2030,8,5,6,0.0
5968,GR_Coal,2030,8,7,8,0.0
5969,GR_Coal,2030,8,9,10,0.0
5970,GR_Coal,2030,8,11,12,0.0
5971,GR_Coal,2030,8,13,14,0.0
5972,GR_Coal,2030,8,15,16,0.0
5973,GR_Coal,2030,8,17,18,0.0
5974,GR_Coal,2030,8,19,20,0.0
5975,GR_Coal,2030,8,21,22,0.0
5976,GR_Coal,2030,8,23,24,0.0
5977,GR_Coal,2030,9,1,2,0.0
5978,GR_Coal,2030,9,3,4,0.0
5979,GR_Coal,2030,9,5,6,0.0
5980,GR_Coal,2030,9,7,8,0.0
5981,GR_Coal,2030,9,9,10,0.0
5982,GR_Coal,2030,9,11,12,0.0
5983,GR_Coal,2030,9,13,14,0.0
5984,GR_Coal,2030,9,15,16,0.0
5985,GR_Coal,2030,9,17,18,0.0
5986,GR_Coal,2030,9,19,20,0.0
5987,GR_Coal,2030,9,21,22,0.0
5988,GR_Coal,2030,9,23,24,0.0
5989,GR_Coal,2030,10,1,2,0.0
5990,GR_Coal,2030,10,3,4,0.0
5991,GR_Coal,2030,10,5,6,0.0
5992,GR_Coal,2030,10,7,8,0.0
5993,GR_Coal,2030,10,9,10,-1.4076
5994,GR_Coal,2030,10,11,12,0.0
5995,GR_Coal,2030,10,13,14,0.0
5996,GR_Coal,2030,10,15,16,0.0
5997,GR_Coal,2030,10,17,18,0.0
5998,GR_Coal,2030,10,19,20,0.0
5999,GR_Coal,2030,10,21,22,0.0
6000,GR_Coal,2030,10,23,24,0.0
6001,GR_Nuclear,2030,1,1,2,0.0
6002,GR_Nuclear,2030,1,3,4,0.0
6003,GR_Nuclear,2030,1,5,6,0.0
6004,GR_Nuclear,2030,1,7,8,0.0
6005,GR_Nuclear,2030,1,9,10,0.0
6006,GR_Nuclear,2030,1,11,12,0.0
6007,GR_Nuclear,2030,1,13,14,0.0
6008,GR_Nuclear,2030,1,15,16,0.0
6009,GR_Nuclear,2030,1,17,18,0.0
6010,GR_Nuclear,2030,1,19,20,0.0
6011,GR_Nuclear,2030,1,21,22,0.0
6012,GR_Nuclear,2030,1,23,24,0.0
6013,GR_Nuclear,2030,2,1,2,0.0
6014,GR_Nuclear,2030,2,3,4,0.0
6015,GR_Nuclear,2030,2,5,6,0.0
6016,GR_Nuclear,2030,2,7,8,0.0
6017,GR_Nuclear,2030,2,9,10,0.0
6018,GR_Nuclear,2030,2,11,12,0.0
6019,GR_Nuclear,2030,2,13,14,0.0
6020,GR_Nuclear,2030,2,15,16,0.0
6021,GR_Nuclear,2030,2,17,18,0.0
6022,GR_Nuclear,2030,2,19,20,0.0
6023,GR_Nuclear,2030,2,21,22,0.0
6024,GR_Nuclear,2030,2,23,24,0.0
6025,GR_Nuclear,2030,3,1,2,0.0
6026,GR_Nuclear,2030,3,3,4,0.0
6027,GR_Nuclear,2030,3,5,6,0.0
6028,GR_Nuclear,2030,3,7,8,0.0
6029,GR_Nuclear,2030,3,9,10,0.0
6030,GR_Nuclear,2030,3,11,12,0.0
6031,GR_Nuclear,2030,3,13,14,0.0
6032,GR_Nuclear,2030,3,15,16,0.0
6033,GR_Nuclear,2030,3,17,18,0.0
6034,GR_Nuclear,2030,3,19,20,0.0
6035,GR_Nuclear,2030,3,21,22,0.0
6036,GR_Nuclear,2030,3,23,24,0.0
6037,GR_Nuclear,2030,4,1,2,0.0
6038,GR_Nuclear,2030,4,3,4,0.0
6039,GR_Nuclear,2030,4,5,6,0.0
6040,GR_Nuclear,2030,4,7,8,0.0
6041,GR_Nuclear,2030,4,9,10,0.0
6042,GR_Nuclear,2030,4,11,12,0.0
6043,GR_Nuclear,2030,4,13,14,0.0
6044,GR_Nuclear,2030,4,15,16,0.0
6045,GR_Nuclear,2030,4,17,18,0.0
6046,GR_Nuclear,2030,4,19,20,0.0
6047,GR_Nuclear,2030,4,21,22,0.0
6048,GR_Nuclear,2030,4,23,24,0.0
6049,GR_Nuclear,2030,5,1,2,0.0
6050,GR_Nuclear,2030,5,3,4,0.0
6051,GR_Nuclear,2030,5,5,6,0.0
6052,GR_Nuclear,2030,5,7,8,0.0
6053,GR_Nuclear,2030,5,9,10,0.0
6054,GR_Nuclear,2030,5,11,12,0.0
6055,GR_Nuclear,2030,5,13,14,0.0
6056,GR_Nuclear,2030,5,15,16,0.0
6057,GR_Nuclear,2030,5,17,18,0.0
6058,GR_Nuclear,2030,5,19,20,0.0
6059,GR_Nuclear,2030,5,21,22,0.0
6060,GR_Nuclear,2030,5,23,24,0.0
6061,GR_Nuclear,2030,6,1,2,0.0
6062,GR_Nuclear,2030,6,3,4,0.0
6063,GR_Nuclear,2030,6,5,6,0.0
6064,GR_Nuclear,2030,6,7,8,0.0
6065,GR_Nuclear,2030,6,9,10,0.0
6066,GR_Nuclear,2030,6,11,12,0.0
6067,GR_Nuclear,2030,6,13,14,0.0
6068,GR_Nuclear,2030,6,15,16,0.0
6069,GR_Nuclear,2030,6,17,18,0.0
6070,GR_Nuclear,2030,6,19,20,0.0
6071,GR_Nuclear,2030,6,21,22,0.0
6072,GR_Nuclear,2030,6,23,24,0.0
6073,GR_Nuclear,2030,7,1,2,0.0
6074,GR_Nuclear,2030,7,3,4,0.0
6075,GR_Nuclear,2030,7,5,6,0.0
6076,GR_Nuclear,2030,7,7,8,0.0
6077,GR_Nuclear,2030,7,9,10,0.0
6078,GR_Nuclear,2030,7,11,12,0.0
6079,GR_Nuclear,2030,7,13,14,0.0
6080,GR_Nuclear,2030,7,15,16,0.0
6081,GR_Nuclear,2030,7,17,18,0.0
6082,GR_Nuclear,2030,7,19,20,0.0
6083,GR_Nuclear,2030,7,21,22,0.0
6084,GR_Nuclear,2030,7,23,24,0.0
6085,GR_Nuclear,2030,8,1,2,0.0
6086,GR_Nuclear,2030,8,3,4,0.0
6087,GR_Nuclear,2030,8,5,6,0.0
6088,GR_Nuclear,2030,8,7,8,0.0
6089,GR_Nuclear,2030,8,9,10,0.0
6090,GR_Nuclear,2030,8,11,12,0.0
6091,GR_Nuclear,2030,8,13,14,0.0
6092,GR_Nuclear,2030,8,15,16,0.0
6093,GR_Nuclear,2030,8,17,18,0.0
6094,GR_Nuclear,2030,8,19,20,0.0
6095,GR_Nuclear,2030,8,21,22,0.0
6096,GR_Nuclear,2030,8,23,24,0.0
6097,GR_Nuclear,2030,9,1,2,0.0
6098,GR_Nuclear,2030,9,3,4,0.0
6099,GR_Nuclear,2030,9,5,6,0.0
6100,GR_Nuclear,2030,9,7,8,0.0
6101,GR_Nuclear,2030,9,9,10,0.0
6102,GR_Nuclear,2030,9,11,12,0.0
6103,GR_Nuclear,2030,9,13,14,0.0
6104,GR_Nuclear,2030,9,15,16,0.0
6105,GR_Nuclear,2030,9,17,18,0.0
6106,GR_Nuclear,2030,9,19,20,0.0
6107,GR_Nuclear,2030,9,21,22,0.0
6108,GR_Nuclear,2030,9,23,24,0.0
6109,GR_Nuclear,2030,10,1,2,0.0
6110,GR_Nuclear,2030,10,3,4,0.0
6111,GR_Nuclear,2030,10,5,6,0.0
6112,GR_Nuclear,2030,10,7,8,0.0
6113,GR_Nuclear,2030,10,9,10,0.0
6114,GR_Nuclear,2030,10,11,12,0.0
6115,GR_Nuclear,2030,10,13,14,0.0
6116,GR_Nuclear,2030,10,15,16,0.0
6117,GR_Nuclear,2030,10,17,18,0.0
6118,GR_Nuclear,2030,10,19,20,0.0
6119,GR_Nuclear,2030,10,21,22,0.0
6120,GR_Nuclear,2030,10,23,24,0.0
6121,GR_OCGT,2030,1,1,2,0.0
6122,GR_OCGT,2030,1,3,4,0.0
6123,GR_OCGT,2030,1,5,6,0.0
6124,GR_OCGT,2030,1,7,8,0.0
6125,GR_OCGT,2030,1,9,10,0.0
6126,GR_OCGT,2030,1,11,12,0.0
6127,GR_OCGT,2030,1,13,14,0.0
6128,GR_OCGT,2030,1,15,16,0.0
6129,GR_OCGT,2030,1,17,18,0.0
6130,GR_OCGT,2030,1,19,20,0.0
6131,GR_OCGT,2030,1,21,22,0.0
6132,GR_OCGT,2030,1,23,24,0.0
6133,GR_OCGT,2030,2,1,2,0.0
6134,GR_OCGT,2030,2,3,4,0.0
6135,GR_OCGT,2030,2,5,6,0.0
6136,GR_OCGT,2030,2,7,8,0.0
6137,GR_OCGT,2030,2,9,10,0.0
6138,GR_OCGT,2030,2,11,12,0.0
6139,GR_OCGT,2030,2,13,14,0.0
6140,GR_OCGT,2030,2,15,16,0.0
6141,GR_OCGT,2030,2,17,18,0.0
6142,GR_OCGT,2030,2,19,20,0.0
6143,GR_OCGT,2030,2,21,22,0.0
6144,GR_OCGT,2030,2,23,24,0.0
6145,GR_OCGT,2030,3,1,2,0.0
6146,GR_OCGT,2030,3,3,4,0.0
6147,GR_OCGT,2030,3,5,6,0.0
6148,GR_OCGT,2030,3,7,8,0.0
6149,GR_OCGT,2030,3,9,10,0.0
6150,GR_OCGT,2030,3,11,12,0.0
6151,GR_OCGT,2030,3,13,14,0.0
6152,GR_OCGT,2030,3,15,16,0.0
6153,GR_OCGT,2030,3,17,18,0.0
6154,GR_OCGT,2030,3,19,20,0.0
6155,GR_OCGT,2030,3,21,22,0.0
6156,GR_OCGT,2030,3,23,24,0.0
6157,GR_OCGT,2030,4,1,2,0.0
6158,GR_OCGT,2030,4,3,4,0.0
6159,GR_OCGT,2030,4,5,6,0.0
6160,GR_OCGT,2030,4,7,8,0.0
6161,GR_OCGT,2030,4,9,10,0.0
6162,GR_OCGT,2030,4,11,12,0.0
6163,GR_OCGT,2030,4,13,14,0.0
6164,GR_OCGT,2030,4,15,16,0.0
6165,GR_OCGT,2030,4,17,18,0.0
6166,GR_OCGT,2030,4,19,20,0.0
6167,GR_OCGT,2030,4,21,22,0.0
6168,GR_OCGT,2030,4,23,24,0.0
6169,GR_OCGT,2030,5,1,2,0.0
6170,GR_OCGT,2030,5,3,4,0.0
6171,GR_OCGT,2030,5,5,6,0.0
6172,GR_OCGT,2030,5,7,8,0.0
6173,GR_OCGT,2030,5,9,10,0.0
6174,GR_OCGT,2030,5,11,12,0.0
6175,GR_OCGT,2030,5,13,14,0.0
6176,GR_OCGT,2030,5,15,16,0.0
6177,GR_OCGT,2030,5,17,18,0.0
6178,GR_OCGT,2030,5,19,20,0.0
6179,GR_OCGT,2030,5,21,22,0.0
6180,GR_OCGT,2030,5,23,24,0.0
6181,GR_OCGT,2030,6,1,2,0.0
6182,GR_OCGT,2030,6,3,4,0.0
6183,GR_OCGT,2030,6,5,6,0.0
6184,GR_OCGT,2030,6,7,8,0.0
6185,GR_OCGT,2030,6,9,10,0.0
6186,GR_OCGT,2030,6,11,12,0.0
6187,GR_OCGT,2030,6,13,14,0.0
6188,GR_OCGT,2030,6,15,16,0.0
6189,GR_OCGT,2030,6,17,18,0.0
6190,GR_OCGT,2030,6,19,20,0.0
6191,GR_OCGT,2030,6,21,22,0.0
6192,GR_OCGT,2030,6,23,24,0.0
6193,GR_OCGT,2030,7,1,2,0.0
6194,GR_OCGT,2030,7,3,4,0.0
6195,GR_OCGT,2030,7,5,6,0.0
6196,GR_OCGT,2030,7,7,8,0.0
6197,GR_OCGT,2030,7,9,10,0.0
6198,GR_OCGT,2030,7,11,12,0.0
6199,GR_OCGT,2030,7,13,14,0.0
6200,GR_OCGT,2030,7,15,16,0.0
6201,GR_OCGT,2030,7,17,18,0.0
6202,GR_OCGT,2030,7,19,20,0.0
6203,GR_OCGT,2030,7,21,22,0.0
6204,GR_OCGT,2030,7,23,24,0.0
6205,GR_OCGT,2030,8,1,2,0.0
6206,GR_OCGT,2030,8,3,4,0.0
6207,GR_OCGT,2030,8,5,6,0.0
6208,GR_OCGT,2030,8,7,8,0.0
6209,GR_OCGT,2030,8,9,10,0.0
6210,GR_OCGT,2030,8,11,12,0.0
6211,GR_OCGT,2030,8,13,14,0.0
6212,GR_OCGT,2030,8,15,16,0.0
6213,GR_OCGT,2030,8,17,18,0.0
6214,GR_OCGT,2030,8,19,20,0.0
6215,GR_OCGT,2030,8,21,22,0.0
6216,GR_OCGT,2030,8,23,24,0.0
6217,GR_OCGT,2030,9,1,2,0.0
6218,GR_OCGT,2030,9,3,4,0.0
6219,GR_OCGT,2030,9,5,6,0.0
6220,GR_OCGT,2030,9,7,8,0.0
6221,GR_OCGT,2030,9,9,10,0.0
6222,GR_OCGT,2030,9,11,12,0.0
6223,GR_OCGT,2030,9,13,14,0.0
6224,GR_OCGT,2030,9,15,16,0.0
6225,GR_OCGT,2030,9,17,18,0.0
6226,GR_OCGT,2030,9,19,20,0.0
6227,GR_OCGT,2030,9,21,22,0.0
6228,GR_OCGT,2030,9,23,24,0.0
6229,GR_OCGT,2030,10,1,2,0.0
6230,GR_OCGT,2030,10,3,4,0.0
6231,GR_OCGT,2030,10,5,6,0.0
6232,GR_OCGT,2030,10,7,8,0.0
6233,GR_OCGT,2030,10,9,10,0.0
6234,GR_OCGT,2030,10,11,12,0.0
6235,GR_OCGT,2030,10,13,14,0.0
6236,GR_OCGT,2030,10,15,16,0.0
6237,GR_OCGT,2030,10,17,18,0.0
6238,GR_OCGT,2030,10,19,20,0.0
6239,GR_OCGT,2030,10,21,22,0.0
6240,GR_OCGT,2030,10,23,24,0.0
6241,HR_CCGT,2030,1,1,2,0.0
6242,HR_CCGT,2030,1,3,4,0.0
6243,HR_CCGT,2030,1,5,6,0.0
6244,HR_CCGT,2030,1,7,8,0.0
6245,HR_CCGT,2030,1,9,10,0.0
6246,HR_CCGT,2030,1,11,12,0.0
6247,HR_CCGT,2030,1,13,14,0.0
6248,HR_CCGT,2030,1,15,16,0.0
6249,HR_CCGT,2030,1,17,18,0.0
6250,HR_CCGT,2030,1,19,20,0.0
6251,HR_CCGT,2030,1,21,22,0.0
6252,HR_CCGT,2030,1,23,24,0.0
6253,HR_CCGT,2030,2,1,2,0.0
6254,HR_CCGT,2030,2,3,4,0.0
6255,HR_CCGT,2030,2,5,6,0.0
6256,HR_CCGT,2030,2,7,8,0.0
6257,HR_CCGT,2030,2,9,10,0.0
6258,HR_CCGT,2030,2,11,12,0.0
6259,HR_CCGT,2030,2,13,14,0.0
6260,HR_CCGT,2030,2,15,16,0.0
6261,HR_CCGT,2030,2,17,18,0.0
6262,HR_CCGT,2030,2,19,20,0.0
6263,HR_CCGT,2030,2,21,22,0.0
6264,HR_CCGT,2030,2,23,24,0.0
6265,HR_CCGT,2030,3,1,2,0.0
6266,HR_CCGT,2030,3,3,4,0.0
6267,HR_CCGT,2030,3,5,6,0.0
6268,HR_CCGT,2030,3,7,8,0.0
6269,HR_CCGT,2030,3,9,10,0.0
6270,HR_CCGT,2030,3,11,12,0.0
6271,HR_CCGT,2030,3,13,14,0.0
6272,HR_CCGT,2030,3,15,16,0.0
6273,HR_CCGT,2030,3,17,18,0.0
6274,HR_CCGT,2030,3,19,20,0.0
6275,HR_CCGT,2030,3,21,22,0.0
6276,HR_CCGT,2030,3,23,24,0.0
6277,HR_CCGT,2030,4,1,2,0.0
6278,HR_CCGT,2030,4,3,4,0.0
6279,HR_CCGT,2030,4,5,6,0.0
6280,HR_CCGT,2030,4,7,8,0.0
6281,HR_CCGT,2030,4,9,10,0.0
6282,HR_CCGT,2030,4,11,12,0.0
6283,HR_CCGT,2030,4,13,14,0.0
6284,HR_CCGT,2030,4,15,16,0.0
6285,HR_CCGT,2030,4,17,18,0.0
6286,HR_CCGT,2030,4,19,20,0.0
6287,HR_CCGT,2030,4,21,22,0.0
6288,HR_CCGT,2030,4,23,24,0.0
6289,HR_CCGT,2030,5,1,2,0.0
6290,HR_CCGT,2030,5,3,4,0.0
6291,HR_CCGT,2030,5,5,6,0.0
6292,HR_CCGT,2030,5,7,8,0.0
6293,HR_CCGT,2030,5,9,10,0.0
6294,HR_CCGT,2030,5,11,12,0.0
6295,HR_CCGT,2030,5,13,14,0.0
6296,HR_CCGT,2030,5,15,16,0.0
6297,HR_CCGT,2030,5,17,18,0.0
6298,HR_CCGT,2030,5,19,20,0.0
6299,HR_CCGT,2030,5,21,22,0.0
6300,HR_CCGT,2030,5,23,24,0.0
6301,HR_CCGT,2030,6,1,2,0.0
6302,HR_CCGT,2030,6,3,4,0.0
6303,HR_CCGT,2030,6,5,6,0.0
6304,HR_CCGT,2030,6,7,8,0.0
6305,HR_CCGT,2030,6,9,10,0.0
6306,HR_CCGT,2030,6,11,12,0.0
6307,HR_CCGT,2030,6,13,14,0.0
6308,HR_CCGT,2030,6,15,16,0.0
6309,HR_CCGT,2030,6,17,18,0.0
6310,HR_CCGT,2030,6,19,20,0.0
6311,HR_CCGT,2030,6,21,22,0.0
6312,HR_CCGT,2030,6,23,24,0.0
6313,HR_CCGT,2030,7,1,2,0.0
6314,HR_CCGT,2030,7,3,4,0.0
6315,HR_CCGT,2030,7,5,6,0.0
6316,HR_CCGT,2030,7,7,8,0.0
6317,HR_CCGT,2030,7,9,10,0.0
6318,HR_CCGT,2030,7,11,12,0.0
6319,HR_CCGT,2030,7,13,14,0.0
6320,HR_CCGT,2030,7,15,16,0.0
6321,HR_CCGT,2030,7,17,18,0.0
6322,HR_CCGT,2030,7,19,20,0.0
6323,HR_CCGT,2030,7,21,22,0.0
6324,HR_CCGT,2030,7,23,24,0.0
6325,HR_CCGT,2030,8,1,2,0.0
6326,HR_CCGT,2030,8,3,4,0.0
6327,HR_CCGT,2030,8,5,6,0.0
6328,HR_CCGT,2030,8,7,8,0.0
6329,HR_CCGT,2030,8,9,10,0.0
6330,HR_CCGT,2030,8,11,12,0.0
6331,HR_CCGT,2030,8,13,14,0.0
6332,HR_CCGT,2030,8,15,16,0.0
6333,HR_CCGT,2030,8,17,18,0.0
6334,HR_CCGT,2030,8,19,20,0.0
6335,HR_CCGT,2030,8,21,22,0.0
6336,HR_CCGT,2030,8,23,24,0.0
6337,HR_CCGT,2030,9,1,2,0.0
6338,HR_CCGT,2030,9,3,4,0.0
6339,HR_CCGT,2030,9,5,6,0.0
6340,HR_CCGT,2030,9,7,8,0.0
6341,HR_CCGT,2030,9,9,10,0.0
6342,HR_CCGT,2030,9,11,12,0.0
6343,HR_CCGT,2030,9,13,14,0.0
6344,HR_CCGT,2030,9,15,16,0.0
6345,HR_CCGT,2030,9,17,18,0.0
6346,HR_CCGT,2030,9,19,20,0.0
6347,HR_CCGT,2030,9,21,22,0.0
6348,HR_CCGT,2030,9,23,24,0.0
6349,HR_CCGT,2030,10,1,2,0.0
6350,HR_CCGT,2030,10,3,4,0.0
6351,HR_CCGT,2030,10,5,6,0.0
6352,HR_CCGT,2030,10,7,8,0.0
6353,HR_CCGT,2030,10,9,10,0.0
6354,HR_CCGT,2030,10,11,12,0.0
6355,HR_CCGT,2030,10,13,14,0.0
6356,HR_CCGT,2030,10,15,16,0.0
6357,HR_CCGT,2030,10,17,18,0.0
6358,HR_CCGT,2030,10,19,20,0.0
6359,HR_CCGT,2030,10,21,22,0.0
6360,HR_CCGT,2030,10,23,24,0.0
6361,HR_Coal,2030,1,1,2,0.0
6362,HR_Coal,2030,1,3,4,0.0
6363,HR_Coal,2030,1,5,6,0.0
6364,HR_Coal,2030,1,7,8,0.0
6365,HR_Coal,2030,1,9,10,0.0
6366,HR_Coal,2030,1,11,12,0.0
6367,HR_Coal,2030,1,13,14,0.0
6368,HR_Coal,2030,1,15,16,0.0
6369,HR_Coal,2030,1,17,18,0.0
6370,HR_Coal,2030,1,19,20,0.0
6371,HR_Coal,2030,1,21,22,0.0
6372,HR_Coal,2030,1,23,24,0.0
6373,HR_Coal,2030,2,1,2,0.0
6374,HR_Coal,2030,2,3,4,0.0
6375,HR_Coal,2030,2,5,6,0.0
6376,HR_Coal,2030,2,7,8,0.0
6377,HR_Coal,2030,2,9,10,0.0
6378,HR_Coal,2030,2,11,12,0.0
6379,HR_Coal,2030,2,13,14,0.0
6380,HR_Coal,2030,2,15,16,0.0
6381,HR_Coal,2030,2,17,18,0.0
6382,HR_Coal,2030,2,19,20,0.0
6383,HR_Coal,2030,2,21,22,0.0
6384,HR_Coal,2030,2,23,24,0.0
6385,HR_Coal,2030,3,1,2,0.0
6386,HR_Coal,2030,3,3,4,0.0
6387,HR_Coal,2030,3,5,6,0.0
6388,HR_Coal,2030,3,7,8,0.0
6389,HR_Coal,2030,3,9,10,0.0
6390,HR_Coal,2030,3,11,12,0.0
6391,HR_Coal,2030,3,13,14,0.0
6392,HR_Coal,2030,3,15,16,0.0
6393,HR_Coal,2030,3,17,18,0.0
6394,HR_Coal,2030,3,19,20,0.0
6395,HR_Coal,2030,3,21,22,0.0
6396,HR_Coal,2030,3,23,24,0.0
6397,HR_Coal,2030,4,1,2,0.0
6398,HR_Coal,2030,4,3,4,0.0
6399,HR_Coal,2030,4,5,6,0.0
6400,HR_Coal,2030,4,7,8,0.0
6401,HR_Coal,2030,4,9,10,0.0
6402,HR_Coal,2030,4,11,12,0.0
6403,HR_Coal,2030,4,13,14,0.0
6404,HR_Coal,2030,4,15,16,0.0
6405,HR_Coal,2030,4,17,18,0.0
6406,HR_Coal,2030,4,19,20,0.0
6407,HR_Coal,2030,4,21,22,0.0
6408,HR_Coal,2030,4,23,24,0.0
6409,HR_Coal,2030,5,1,2,0.0
6410,HR_Coal,2030,5,3,4,0.0
6411,HR_Coal,2030,5,5,6,0.0
6412,HR_Coal,2030,5,7,8,0.0
6413,HR_Coal,2030,5,9,10,0.0
6414,HR_Coal,2030,5,11,12,0.0
6415,HR_Coal,2030,5,13,14,0.0
6416,HR_Coal,2030,5,15,16,0.0
6417,HR_Coal,2030,5,17,18,0.0
6418,HR_Coal,2030,5,19,20,0.0
6419,HR_Coal,2030,5,21,22,0.0
6420,HR_Coal,2030,5,23,24,0.0
6421,HR_Coal,2030,6,1,2,0.0
6422,HR_Coal,2030,6,3,4,0.0
6423,HR_Coal,2030,6,5,6,0.0
6424,HR_Coal,2030,6,7,8,0.0
6425,HR_Coal,2030,6,9,10,0.0
6426,HR_Coal,2030,6,11,12,0.0
6427,HR_Coal,2030,6,13,14,0.0
6428,HR_Coal,2030,6,15,16,0.0
6429,HR_Coal,2030,6,17,18,0.0
6430,HR_Coal,2030,6,19,20,0.0
6431,HR_Coal,2030,6,21,22,0.0
6432,HR_Coal,2030,6,23,24,0.0
6433,HR_Coal,2030,7,1,2,0.0
6434,HR_Coal,2030,7,3,4,0.0
6435,HR_Coal,2030,7,5,6,0.0
6436,HR_Coal,2030,7,7,8,0.0
6437,HR_Coal,2030,7,9,10,0.0
6438,HR_Coal,2030,7,11,12,0.0
6439,HR_Coal,2030,7,13,14,0.0
6440,HR_Coal,2030,7,15,16,0.0
6441,HR_Coal,2030,7,17,18,0.0
6442,HR_Coal,2030,7,19,20,0.0
6443,HR_Coal,2030,7,21,22,0.0
6444,HR_Coal,2030,7,23,24,0.0
6445,HR_Coal,2030,8,1,2,0.0
6446,HR_Coal,2030,8,3,4,0.0
6447,HR_Coal,2030,8,5,6,0.0
6448,HR_Coal,2030,8,7,8,0.0
6449,HR_Coal,2030,8,9,10,0.0
6450,HR_Coal,2030,8,11,12,0.0
6451,HR_Coal,2030,8,13,14,0.0
6452,HR_Coal,2030,8,15,16,0.0
6453,HR_Coal,2030,8,17,18,0.0
6454,HR_Coal,2030,8,19,20,0.0
6455,HR_Coal,2030,8,21,22,0.0
6456,HR_Coal,2030,8,23,24,0.0
6457,HR_Coal,2030,9,1,2,0.0
6458,HR_Coal,2030,9,3,4,0.0
6459,HR_Coal,2030,9,5,6,0.0
6460,HR_Coal,2030,9,7,8,0.0
6461,HR_Coal,2030,9,9,10,0.0
6462,HR_Coal,2030,9,11,12,0.0
6463,HR_Coal,2030,9,13,14,0.0
6464,HR_Coal,2030,9,15,16,0.0
6465,HR_Coal,2030,9,17,18,0.0
6466,HR_Coal,2030,9,19,20,0.0
6467,HR_Coal,2030,9,21,22,0.0
6468,HR_Coal,2030,9,23,24,0.0
6469,HR_Coal,2030,10,1,2,0.0
6470,HR_Coal,2030,10,3,4,0.0
6471,HR_Coal,2030,10,5,6,0.0
6472,HR_Coal,2030,10,7,8,0.0
6473,HR_Coal,2030,10,9,10,0.0
6474,HR_Coal,2030,10,11,12,0.0
6475,HR_Coal,2030,10,13,14,0.0
6476,HR_Coal,2030,10,15,16,0.0
6477,HR_Coal,2030,10,17,18,0.0
6478,HR_Coal,2030,10,19,20,0.0
6479,HR_Coal,2030,10,21,22,0.0
6480,HR_Coal,2030,10,23,24,0.0
6481,HR_OCGT,2030,1,1,2,0.0
6482,HR_OCGT,2030,1,3,4,0.0
6483,HR_OCGT,2030,1,5,6,0.0
6484,HR_OCGT,2030,1,7,8,0.0
6485,HR_OCGT,2030,1,9,10,0.0
6486,HR_OCGT,2030,1,11,12,0.0
6487,HR_OCGT,2030,1,13,14,0.0
6488,HR_OCGT,2030,1,15,16,0.0
6489,HR_OCGT,2030,1,17,18,0.0
6490,HR_OCGT,2030,1,19,20,0.0
6491,HR_OCGT,2030,1,21,22,0.0
6492,HR_OCGT,2030,1,23,24,0.0
6493,HR_OCGT,2030,2,1,2,0.0
6494,HR_OCGT,2030,2,3,4,0.0
6495,HR_OCGT,2030,2,5,6,0.0
6496,HR_OCGT,2030,2,7,8,0.0
6497,HR_OCGT,2030,2,9,10,0.0
6498,HR_OCGT,2030,2,11,12,0.0
6499,HR_OCGT,2030,2,13,14,0.0
6500,HR_OCGT,2030,2,15,16,0.0
6501,HR_OCGT,2030,2,17,18,0.0
6502,HR_OCGT,2030,2,19,20,0.0
6503,HR_OCGT,2030,2,21,22,0.0
6504,HR_OCGT,2030,2,23,24,0.0
6505,HR_OCGT,2030,3,1,2,0.0
6506,HR_OCGT,2030,3,3,4,0.0
6507,HR_OCGT,2030,3,5,6,0.0
6508,HR_OCGT,2030,3,7,8,0.0
6509,HR_OCGT,2030,3,9,10,0.0
6510,HR_OCGT,2030,3,11,12,0.0
6511,HR_OCGT,2030,3,13,14,0.0
6512,HR_OCGT,2030,3,15,16,0.0
6513,HR_OCGT,2030,3,17,18,0.0
6514,HR_OCGT,2030,3,19,20,0.0
6515,HR_OCGT,2030,3,21,22,0.0
6516,HR_OCGT,2030,3,23,24,0.0
6517,HR_OCGT,2030,4,1,2,0.0
6518,HR_OCGT,2030,4,3,4,0.0
6519,HR_OCGT,2030,4,5,6,0.0
6520,HR_OCGT,2030,4,7,8,0.0
6521,HR_OCGT,2030,4,9,10,0.0
6522,HR_OCGT,2030,4,11,12,0.0
6523,HR_OCGT,2030,4,13,14,0.0
6524,HR_OCGT,2030,4,15,16,0.0
6525,HR_OCGT,2030,4,17,18,0.0
6526,HR_OCGT,2030,4,19,20,0.0
6527,HR_OCGT,2030,4,21,22,0.0
6528,HR_OCGT,2030,4,23,24,0.0
6529,HR_OCGT,2030,5,1,2,0.0
6530,HR_OCGT,2030,5,3,4,0.0
6531,HR_OCGT,2030,5,5,6,0.0
6532,HR_OCGT,2030,5,7,8,0.0
6533,HR_OCGT,2030,5,9,10,0.0
6534,HR_OCGT,2030,5,11,12,0.0
6535,HR_OCGT,2030,5,13,14,0.0
6536,HR_OCGT,2030,5,15,16,0.0
6537,HR_OCGT,2030,5,17,18,0.0
6538,HR_OCGT,2030,5,19,20,0.0
6539,HR_OCGT,2030,5,21,22,0.0
6540,HR_OCGT,2030,5,23,24,0.0
6541,HR_OCGT,2030,6,1,2,0.0
6542,HR_OCGT,2030,6,3,4,0.0
6543,HR_OCGT,2030,6,5,6,0.0
6544,HR_OCGT,2030,6,7,8,0.0
6545,HR_OCGT,2030,6,9,10,0.0
6546,HR_OCGT,2030,6,11,12,0.0
6547,HR_OCGT,2030,6,13,14,0.0
6548,HR_OCGT,2030,6,15,16,0.0
6549,HR_OCGT,2030,6,17,18,0.0
6550,HR_OCGT,2030,6,19,20,0.0
6551,HR_OCGT,2030,6,21,22,0.0
6552,HR_OCGT,2030,6,23,24,0.0
6553,HR_OCGT,2030,7,1,2,0.0
6554,HR_OCGT,2030,7,3,4,0.0
6555,HR_OCGT,2030,7,5,6,0.0
6556,HR_OCGT,2030,7,7,8,0.0
6557,HR_OCGT,2030,7,9,10,0.0
6558,HR_OCGT,2030,7,11,12,0.0
6559,HR_OCGT,2030,7,13,14,0.0
6560,HR_OCGT,2030,7,15,16,0.0
6561,HR_OCGT,2030,7,17,18,0.0
6562,HR_OCGT,2030,7,19,20,0.0
6563,HR_OCGT,2030,7,21,22,0.0
6564,HR_OCGT,2030,7,23,24,0.0
6565,HR_OCGT,2030,8,1,2,0.0
6566,HR_OCGT,2030,8,3,4,0.0
6567,HR_OCGT,2030,8,5,6,0.0
6568,HR_OCGT,2030,8,7,8,0.0
6569,HR_OCGT,2030,8,9,10,0.0
6570,HR_OCGT,2030,8,11,12,0.0
6571,HR_OCGT,2030,8,13,14,0.0
6572,HR_OCGT,2030,8,15,16,0.0
6573,HR_OCGT,2030,8,17,18,0.0
6574,HR_OCGT,2030,8,19,20,0.0
6575,HR_OCGT,2030,8,21,22,0.0
6576,HR_OCGT,2030,8,23,24,0.0
6577,HR_OCGT,2030,9,1,2,0.0
6578,HR_OCGT,2030,9,3,4,0.0
6579,HR_OCGT,2030,9,5,6,0.0
6580,HR_OCGT,2030,9,7,8,0.0
6581,HR_OCGT,2030,9,9,10,0.0
6582,HR_OCGT,2030,9,11,12,0.0
6583,HR_OCGT,2030,9,13,14,0.0
6584,HR_OCGT,2030,9,15,16,0.0
6585,HR_OCGT,2030,9,17,18,0.0
6586,HR_OCGT,2030,9,19,20,0.0
6587,HR_OCGT,2030,9,21,22,0.0
6588,HR_OCGT,2030,9,23,24,0.0
6589,HR_OCGT,2030,10,1,2,0.0
6590,HR_OCGT,2030,10,3,4,0.0
6591,HR_OCGT,2030,10,5,6,0.0
6592,HR_OCGT,2030,10,7,8,0.0
6593,HR_OCGT,2030,10,9,10,0.0
6594,HR_OCGT,2030,10,11,12,0.0
6595,HR_OCGT,2030,10,13,14,0.0
6596,HR_OCGT,2030,10,15,16,0.0
6597,HR_OCGT,2030,10,17,18,0.0
6598,HR_OCGT,2030,10,19,20,0.0
6599,HR_OCGT,2030,10,21,22,0.0
6600,HR_OCGT,2030,10,23,24,0.0
6601,HU_CCGT,2030,1,1,2,0.0
6602,HU_CCGT,2030,1,3,4,0.0
6603,HU_CCGT,2030,1,5,6,0.0
6604,HU_CCGT,2030,1,7,8,0.0
6605,HU_CCGT,2030,1,9,10,0.0
6606,HU_CCGT,2030,1,11,12,0.0
6607,HU_CCGT,2030,1,13,14,0.0
6608,HU_CCGT,2030,1,15,16,0.0
6609,HU_CCGT,2030,1,17,18,0.0
6610,HU_CCGT,2030,1,19,20,0.0
6611,HU_CCGT,2030,1,21,22,0.0
6612,HU_CCGT,2030,1,23,24,0.0
6613,HU_CCGT,2030,2,1,2,0.0
6614,HU_CCGT,2030,2,3,4,0.0
6615,HU_CCGT,2030,2,5,6,0.0
6616,HU_CCGT,2030,2,7,8,0.0
6617,HU_CCGT,2030,2,9,10,0.0
6618,HU_CCGT,2030,2,11,12,0.0
6619,HU_CCGT,2030,2,13,14,0.0
6620,HU_CCGT,2030,2,15,16,0.0
6621,HU_CCGT,2030,2,17,18,0.0
6622,HU_CCGT,2030,2,19,20,0.0
6623,HU_CCGT,2030,2,21,22,0.0
6624,HU_CCGT,2030,2,23,24,0.0
6625,HU_CCGT,2030,3,1,2,0.0
6626,HU_CCGT,2030,3,3,4,0.0
6627,HU_CCGT,2030,3,5,6,0.0
6628,HU_CCGT,2030,3,7,8,0.0
6629,HU_CCGT,2030,3,9,10,0.0
6630,HU_CCGT,2030,3,11,12,0.0
6631,HU_CCGT,2030,3,13,14,0.0
6632,HU_CCGT,2030,3,15,16,0.0
6633,HU_CCGT,2030,3,17,18,0.0
6634,HU_CCGT,2030,3,19,20,0.0
6635,HU_CCGT,2030,3,21,22,0.0
6636,HU_CCGT,2030,3,23,24,0.0
6637,HU_CCGT,2030,4,1,2,0.0
6638,HU_CCGT,2030,4,3,4,0.0
6639,HU_CCGT,2030,4,5,6,0.0
6640,HU_CCGT,2030,4,7,8,0.0
6641,HU_CCGT,2030,4,9,10,0.0
6642,HU_CCGT,2030,4,11,12,0.0
6643,HU_CCGT,2030,4,13,14,0.0
6644,HU_CCGT,2030,4,15,16,0.0
6645,HU_CCGT,2030,4,17,18,0.0
6646,HU_CCGT,2030,4,19,20,0.0
6647,HU_CCGT,2030,4,21,22,0.0
6648,HU_CCGT,2030,4,23,24,0.0
6649,HU_CCGT,2030,5,1,2,0.0
6650,HU_CCGT,2030,5,3,4,0.0
6651,HU_CCGT,2030,5,5,6,0.0
6652,HU_CCGT,2030,5,7,8,0.0
6653,HU_CCGT,2030,5,9,10,0.0
6654,HU_CCGT,2030,5,11,12,0.0
6655,HU_CCGT,2030,5,13,14,0.0
6656,HU_CCGT,2030,5,15,16,0.0
6657,HU_CCGT,2030,5,17,18,0.0
6658,HU_CCGT,2030,5,19,20,0.0
6659,HU_CCGT,2030,5,21,22,0.0
6660,HU_CCGT,2030,5,23,24,0.0
6661,HU_CCGT,2030,6,1,2,0.0
6662,HU_CCGT,2030,6,3,4,0.0
6663,HU_CCGT,2030,6,5,6,0.0
6664,HU_CCGT,2030,6,7,8,0.0
6665,HU_CCGT,2030,6,9,10,0.0
6666,HU_CCGT,2030,6,11,12,0.0
6667,HU_CCGT,2030,6,13,14,0.0
6668,HU_CCGT,2030,6,15,16,0.0
6669,HU_CCGT,2030,6,17,18,0.0
6670,HU_CCGT,2030,6,19,20,0.0
6671,HU_CCGT,2030,6,21,22,0.0
6672,HU_CCGT,2030,6,23,24,0.0
6673,HU_CCGT,2030,7,1,2,0.0
6674,HU_CCGT,2030,7,3,4,0.0
6675,HU_CCGT,2030,7,5,6,0.0
6676,HU_CCGT,2030,7,7,8,0.0
6677,HU_CCGT,2030,7,9,10,0.0
6678,HU_CCGT,2030,7,11,12,0.0
6679,HU_CCGT,2030,7,13,14,0.0
6680,HU_CCGT,2030,7,15,16,0.0
6681,HR_Nuclear,2030,1,1,2,0.0
6682,HR_Nuclear,2030,1,3,4,0.0
6683,HR_Nuclear,2030,1,5,6,0.0
6684,HR_Nuclear,2030,1,7,8,0.0
6685,HR_Nuclear,2030,1,9,10,0.0
6686,HR_Nuclear,2030,1,11,12,0.0
6687,HR_Nuclear,2030,1,13,14,0.0
6688,HR_Nuclear,2030,1,15,16,0.0
6689,HR_Nuclear,2030,1,17,18,0.0
6690,HR_Nuclear,2030,1,19,20,0.0
6691,HR_Nuclear,2030,1,21,22,0.0
6692,HR_Nuclear,2030,1,23,24,0.0
6693,HR_Nuclear,2030,2,1,2,0.0
6694,HR_Nuclear,2030,2,3,4,0.0
6695,HR_Nuclear,2030,2,5,6,0.0
6696,HR_Nuclear,2030,2,7,8,0.0
6697,HR_Nuclear,2030,2,9,10,0.0
6698,HR_Nuclear,2030,2,11,12,0.0
6699,HR_Nuclear,2030,2,13,14,0.0
6700,HR_Nuclear,2030,2,15,16,0.0
6701,HR_Nuclear,2030,2,17,18,0.0
6702,HR_Nuclear,2030,2,19,20,0.0
6703,HR_Nuclear,2030,2,21,22,0.0
6704,HR_Nuclear,2030,2,23,24,0.0
6705,HR_Nuclear,2030,3,1,2,0.0
6706,HR_Nuclear,2030,3,3,4,0.0
6707,HR_Nuclear,2030,3,5,6,0.0
6708,HR_Nuclear,2030,3,7,8,0.0
6709,HR_Nuclear,2030,3,9,10,0.0
6710,HR_Nuclear,2030,3,11,12,0.0
6711,HR_Nuclear,2030,3,13,14,0.0
6712,HR_Nuclear,2030,3,15,16,0.0
6713,HR_Nuclear,2030,3,17,18,0.0
6714,HR_Nuclear,2030,3,19,20,0.0
6715,HR_Nuclear,2030,3,21,22,0.0
6716,HR_Nuclear,2030,3,23,24,0.0
6717,HR_Nuclear,2030,4,1,2,0.0
6718,HR_Nuclear,2030,4,3,4,0.0
6719,HR_Nuclear,2030,4,5,6,0.0
6720,HR_Nuclear,2030,4,7,8,0.0
6721,HR_Nuclear,2030,4,9,10,0.0
6722,HR_Nuclear,2030,4,11,12,0.0
6723,HR_Nuclear,2030,4,13,14,0.0
6724,HR_Nuclear,2030,4,15,16,0.0
6725,HR_Nuclear,2030,4,17,18,0.0
6726,HR_Nuclear,2030,4,19,20,0.0
6727,HR_Nuclear,2030,4,21,22,0.0
6728,HR_Nuclear,2030,4,23,24,0.0
6729,HR_Nuclear,2030,5,1,2,0.0
6730,HR_Nuclear,2030,5,3,4,0.0
6731,HR_Nuclear,2030,5,5,6,0.0
6732,HR_Nuclear,2030,5,7,8,0.0
6733,HR_Nuclear,2030,5,9,10,0.0
6734,HR_Nuclear,2030,5,11,12,0.0
6735,HR_Nuclear,2030,5,13,14,0.0
6736,HR_Nuclear,2030,5,15,16,0.0
6737,HR_Nuclear,2030,5,17,18,0.0
6738,HR_Nuclear,2030,5,19,20,0.0
6739,HR_Nuclear,2030,5,21,22,0.0
6740,HR_Nuclear,2030,5,23,24,0.0
6741,HR_Nuclear,2030,6,1,2,0.0
6742,HR_Nuclear,2030,6,3,4,0.0
6743,HR_Nuclear,2030,6,5,6,0.0
6744,HR_Nuclear,2030,6,7,8,0.0
6745,HR_Nuclear,2030,6,9,10,0.0
6746,HR_Nuclear,2030,6,11,12,0.0
6747,HR_Nuclear,2030,6,13,14,0.0
6748,HR_Nuclear,2030,6,15,16,0.0
6749,HR_Nuclear,2030,6,17,18,0.0
6750,HR_Nuclear,2030,6,19,20,0.0
6751,HR_Nuclear,2030,6,21,22,0.0
6752,HR_Nuclear,2030,6,23,24,0.0
6753,HR_Nuclear,2030,7,1,2,0.0
6754,HR_Nuclear,2030,7,3,4,0.0
6755,HR_Nuclear,2030,7,5,6,0.0
6756,HR_Nuclear,2030,7,7,8,0.0
6757,HR_Nuclear,2030,7,9,10,0.0
6758,HR_Nuclear,2030,7,11,12,0.0
6759,HR_Nuclear,2030,7,13,14,0.0
6760,HR_Nuclear,2030,7,15,16,0.0
6761,HR_Nuclear,2030,7,17,18,0.0
6762,HR_Nuclear,2030,7,19,20,0.0
6763,HR_Nuclear,2030,7,21,22,0.0
6764,HR_Nuclear,2030,7,23,24,0.0
6765,HR_Nuclear,2030,8,1,2,0.0
6766,HR_Nuclear,2030,8,3,4,0.0
6767,HR_Nuclear,2030,8,5,6,0.0
6768,HR_Nuclear,2030,8,7,8,0.0
6769,HR_Nuclear,2030,8,9,10,0.0
6770,HR_Nuclear,2030,8,11,12,0.0
6771,HR_Nuclear,2030,8,13,14,0.0
6772,HR_Nuclear,2030,8,15,16,0.0
6773,HR_Nuclear,2030,8,17,18,0.0
6774,HR_Nuclear,2030,8,19,20,0.0
6775,HR_Nuclear,2030,8,21,22,0.0
6776,HR_Nuclear,2030,8,23,24,0.0
6777,HR_Nuclear,2030,9,1,2,0.0
6778,HR_Nuclear,2030,9,3,4,0.0
6779,HR_Nuclear,2030,9,5,6,0.0
6780,HR_Nuclear,2030,9,7,8,0.0
6781,HR_Nuclear,2030,9,9,10,0.0
6782,HR_Nuclear,2030,9,11,12,0.0
6783,HR_Nuclear,2030,9,13,14,0.0
6784,HR_Nuclear,2030,9,15,16,0.0
6785,HR_Nuclear,2030,9,17,18,0.0
6786,HR_Nuclear,2030,9,19,20,0.0
6787,HR_Nuclear,2030,9,21,22,0.0
6788,HR_Nuclear,2030,9,23,24,0.0
6789,HR_Nuclear,2030,10,1,2,0.0
6790,HR_Nuclear,2030,10,3,4,0.0
6791,HR_Nuclear,2030,10,5,6,0.0
6792,HR_Nuclear,2030,10,7,8,0.0
6793,HR_Nuclear,2030,10,9,10,0.0
6794,HR_Nuclear,2030,10,11,12,0.0
6795,HR_Nuclear,2030,10,13,14,0.0
6796,HR_Nuclear,2030,10,15,16,0.0
6797,HR_Nuclear,2030,10,17,18,0.0
6798,HR_Nuclear,2030,10,19,20,0.0
6799,HR_Nuclear,2030,10,21,22,0.0
6800,HR_Nuclear,2030,10,23,24,0.0
6801,HU_CCGT,2030,7,17,18,0.0
6802,HU_CCGT,2030,7,19,20,0.0
6803,HU_CCGT,2030,7,21,22,0.0
6804,HU_CCGT,2030,7,23,24,0.0
6805,HU_CCGT,2030,8,1,2,0.0
6806,HU_CCGT,2030,8,3,4,0.0
6807,HU_CCGT,2030,8,5,6,0.0
6808,HU_CCGT,2030,8,7,8,0.0
6809,HU_CCGT,2030,8,9,10,0.0
6810,HU_CCGT,2030,8,11,12,0.0
6811,HU_CCGT,2030,8,13,14,0.0
6812,HU_CCGT,2030,8,15,16,0.0
6813,HU_CCGT,2030,8,17,18,0.0
6814,HU_CCGT,2030,8,19,20,0.0
6815,HU_CCGT,2030,8,21,22,0.0
6816,HU_CCGT,2030,8,23,24,0.0
6817,HU_CCGT,2030,9,1,2,0.0
6818,HU_CCGT,2030,9,3,4,0.0
6819,HU_CCGT,2030,9,5,6,0.0
6820,HU_CCGT,2030,9,7,8,0.0
6821,HU_CCGT,2030,9,9,10,0.0
6822,HU_CCGT,2030,9,11,12,0.0
6823,HU_CCGT,2030,9,13,14,0.0
6824,HU_CCGT,2030,9,15,16,0.0
6825,HU_CCGT,2030,9,17,18,0.0
6826,HU_CCGT,2030,9,19,20,0.0
6827,HU_CCGT,2030,9,21,22,0.0
6828,HU_CCGT,2030,9,23,24,0.0
6829,HU_CCGT,2030,10,1,2,0.0
6830,HU_CCGT,2030,10,3,4,0.0
6831,HU_CCGT,2030,10,5,6,0.0
6832,HU_CCGT,2030,10,7,8,0.0
6833,HU_CCGT,2030,10,9,10,0.0
6834,HU_CCGT,2030,10,11,12,0.0
6835,HU_CCGT,2030,10,13,14,0.0
6836,HU_CCGT,2030,10,15,16,0.0
6837,HU_CCGT,2030,10,17,18,0.0
6838,HU_CCGT,2030,10,19,20,0.0
6839,HU_CCGT,2030,10,21,22,0.0
6840,HU_CCGT,2030,10,23,24,0.0
6841,HU_Coal,2030,1,1,2,0.0
6842,HU_Coal,2030,1,3,4,0.0
6843,HU_Coal,2030,1,5,6,0.0
6844,HU_Coal,2030,1,7,8,0.0
6845,HU_Coal,2030,1,9,10,0.0
6846,HU_Coal,2030,1,11,12,0.0
6847,HU_Coal,2030,1,13,14,0.0
6848,HU_Coal,2030,1,15,16,0.0
6849,HU_Coal,2030,1,17,18,0.0
6850,HU_Coal,2030,1,19,20,0.0
6851,HU_Coal,2030,1,21,22,0.0
6852,HU_Coal,2030,1,23,24,0.0
6853,HU_Coal,2030,2,1,2,0.0
6854,HU_Coal,2030,2,3,4,0.0
6855,HU_Coal,2030,2,5,6,0.0
6856,HU_Coal,2030,2,7,8,0.0
6857,HU_Coal,2030,2,9,10,0.0
6858,HU_Coal,2030,2,11,12,0.0
6859,HU_Coal,2030,2,13,14,0.0
6860,HU_Coal,2030,2,15,16,0.0
6861,HU_Coal,2030,2,17,18,0.0
6862,HU_Coal,2030,2,19,20,0.0
6863,HU_Coal,2030,2,21,22,0.0
6864,HU_Coal,2030,2,23,24,0.0
6865,HU_Coal,2030,3,1,2,0.0
6866,HU_Coal,2030,3,3,4,0.0
6867,HU_Coal,2030,3,5,6,0.0
6868,HU_Coal,2030,3,7,8,0.0
6869,HU_Coal,2030,3,9,10,0.0
6870,HU_Coal,2030,3,11,12,0.0
6871,HU_Coal,2030,3,13,14,0.0
6872,HU_Coal,2030,3,15,16,0.0
6873,HU_Coal,2030,3,17,18,0.0
6874,HU_Coal,2030,3,19,20,0.0
6875,HU_Coal,2030,3,21,22,0.0
6876,HU_Coal,2030,3,23,24,0.0
6877,HU_Coal,2030,4,1,2,0.0
6878,HU_Coal,2030,4,3,4,0.0
6879,HU_Coal,2030,4,5,6,0.0
6880,HU_Coal,2030,4,7,8,0.0
6881,HU_Coal,2030,4,9,10,0.0
6882,HU_Coal,2030,4,11,12,0.0
6883,HU_Coal,2030,4,13,14,0.0
6884,HU_Coal,2030,4,15,16,0.0
6885,HU_Coal,2030,4,17,18,0.0
6886,HU_Coal,2030,4,19,20,0.0
6887,HU_Coal,2030,4,21,22,0.0
6888,HU_Coal,2030,4,23,24,0.0
6889,HU_Coal,2030,5,1,2,0.0
6890,HU_Coal,2030,5,3,4,0.0
6891,HU_Coal,2030,5,5,6,0.0
6892,HU_Coal,2030,5,7,8,0.0
6893,HU_Coal,2030,5,9,10,0.0
6894,HU_Coal,2030,5,11,12,0.0
6895,HU_Coal,2030,5,13,14,0.0
6896,HU_Coal,2030,5,15,16,0.0
6897,HU_Coal,2030,5,17,18,0.0
6898,HU_Coal,2030,5,19,20,0.0
6899,HU_Coal,2030,5,21,22,0.0
6900,HU_Coal,2030,5,23,24,0.0
6901,HU_Coal,2030,6,1,2,0.0
6902,HU_Coal,2030,6,3,4,0.0
6903,HU_Coal,2030,6,5,6,0.0
6904,HU_Coal,2030,6,7,8,0.0
6905,HU_Coal,2030,6,9,10,0.0
6906,HU_Coal,2030,6,11,12,0.0
6907,HU_Coal,2030,6,13,14,0.0
6908,HU_Coal,2030,6,15,16,0.0
6909,HU_Coal,2030,6,17,18,0.0
6910,HU_Coal,2030,6,19,20,0.0
6911,HU_Coal,2030,6,21,22,0.0
6912,HU_Coal,2030,6,23,24,0.0
6913,HU_Coal,2030,7,1,2,0.0
6914,HU_Coal,2030,7,3,4,0.0
6915,HU_Coal,2030,7,5,6,0.0
6916,HU_Coal,2030,7,7,8,0.0
6917,HU_Coal,2030,7,9,10,0.0
6918,HU_Coal,2030,7,11,12,-1.1322
6919,HU_Coal,2030,7,13,14,0.0
6920,HU_Coal,2030,7,15,16,0.0
6921,HU_Coal,2030,7,17,18,0.0
6922,HU_Coal,2030,7,19,20,0.0
6923,HU_Coal,2030,7,21,22,0.0
6924,HU_Coal,2030,7,23,24,0.0
6925,HU_Coal,2030,8,1,2,0.0
6926,HU_Coal,2030,8,3,4,0.0
6927,HU_Coal,2030,8,5,6,0.0
6928,HU_Coal,2030,8,7,8,0.0
6929,HU_Coal,2030,8,9,10,0.0
6930,HU_Coal,2030,8,11,12,0.0
6931,HU_Coal,2030,8,13,14,0.0
6932,HU_Coal,2030,8,15,16,0.0
6933,HU_Coal,2030,8,17,18,0.0
6934,HU_Coal,2030,8,19,20,0.0
6935,HU_Coal,2030,8,21,22,0.0
6936,HU_Coal,2030,8,23,24,0.0
6937,HU_Coal,2030,9,1,2,0.0
6938,HU_Coal,2030,9,3,4,0.0
6939,HU_Coal,2030,9,5,6,0.0
6940,HU_Coal,2030,9,7,8,0.0
6941,HU_Coal,2030,9,9,10,0.0
6942,HU_Coal,2030,9,11,12,0.0
6943,HU_Coal,2030,9,13,14,0.0
6944,HU_Coal,2030,9,15,16,0.0
6945,HU_Coal,2030,9,17,18,0.0
6946,HU_Coal,2030,9,19,20,0.0
6947,HU_Coal,2030,9,21,22,0.0
6948,HU_Coal,2030,9,23,24,0.0
6949,HU_Coal,2030,10,1,2,0.0
6950,HU_Coal,2030,10,3,4,0.0
6951,HU_Coal,2030,10,5,6,0.0
6952,HU_Coal,2030,10,7,8,0.0
6953,HU_Coal,2030,10,9,10,0.0
6954,HU_Coal,2030,10,11,12,0.0
6955,HU_Coal,2030,10,13,14,0.0
6956,HU_Coal,2030,10,15,16,0.0
6957,HU_Coal,2030,10,17,18,0.0
6958,HU_Coal,2030,10,19,20,0.0
6959,HU_Coal,2030,10,21,22,0.0
6960,HU_Coal,2030,10,23,24,0.0
6961,HU_Nuclear,2030,1,1,2,0.0
6962,HU_Nuclear,2030,1,3,4,0.0
6963,HU_Nuclear,2030,1,5,6,0.0
6964,HU_Nuclear,2030,1,7,8,0.0
6965,HU_Nuclear,2030,1,9,10,0.0
6966,HU_Nuclear,2030,1,11,12,0.0
6967,HU_Nuclear,2030,1,13,14,0.0
6968,HU_Nuclear,2030,1,15,16,0.0
6969,HU_Nuclear,2030,1,17,18,0.0
6970,HU_Nuclear,2030,1,19,20,0.0
6971,HU_Nuclear,2030,1,21,22,0.0
6972,HU_Nuclear,2030,1,23,24,0.0
6973,HU_Nuclear,2030,2,1,2,0.0
6974,HU_Nuclear,2030,2,3,4,0.0
6975,HU_Nuclear,2030,2,5,6,0.0
6976,HU_Nuclear,2030,2,7,8,0.0
6977,HU_Nuclear,2030,2,9,10,0.0
6978,HU_Nuclear,2030,2,11,12,0.0
6979,HU_Nuclear,2030,2,13,14,0.0
6980,HU_Nuclear,2030,2,15,16,0.0
6981,HU_Nuclear,2030,2,17,18,0.0
6982,HU_Nuclear,2030,2,19,20,0.0
6983,HU_Nuclear,2030,2,21,22,0.0
6984,HU_Nuclear,2030,2,23,24,0.0
6985,HU_Nuclear,2030,3,1,2,0.0
6986,HU_Nuclear,2030,3,3,4,0.0
6987,HU_Nuclear,2030,3,5,6,0.0
6988,HU_Nuclear,2030,3,7,8,0.0
6989,HU_Nuclear,2030,3,9,10,0.0
6990,HU_Nuclear,2030,3,11,12,0.0
6991,HU_Nuclear,2030,3,13,14,0.0
6992,HU_Nuclear,2030,3,15,16,0.0
6993,HU_Nuclear,2030,3,17,18,0.0
6994,HU_Nuclear,2030,3,19,20,0.0
6995,HU_Nuclear,2030,3,21,22,0.0
6996,HU_Nuclear,2030,3,23,24,0.0
6997,HU_Nuclear,2030,4,1,2,0.0
6998,HU_Nuclear,2030,4,3,4,0.0
6999,HU_Nuclear,2030,4,5,6,0.0
7000,HU_Nuclear,2030,4,7,8,0.0
7001,HU_Nuclear,2030,4,9,10,0.0
7002,HU_Nuclear,2030,4,11,12,0.0
7003,HU_Nuclear,2030,4,13,14,0.0
7004,HU_Nuclear,2030,4,15,16,0.0
7005,HU_Nuclear,2030,4,17,18,0.0
7006,HU_Nuclear,2030,4,19,20,0.0
7007,HU_Nuclear,2030,4,21,22,0.0
7008,HU_Nuclear,2030,4,23,24,0.0
7009,HU_Nuclear,2030,5,1,2,0.0
7010,HU_Nuclear,2030,5,3,4,0.0
7011,HU_Nuclear,2030,5,5,6,0.0
7012,HU_Nuclear,2030,5,7,8,0.0
7013,HU_Nuclear,2030,5,9,10,0.0
7014,HU_Nuclear,2030,5,11,12,0.0
7015,HU_Nuclear,2030,5,13,14,0.0
7016,HU_Nuclear,2030,5,15,16,0.0
7017,HU_Nuclear,2030,5,17,18,0.0
7018,HU_Nuclear,2030,5,19,20,0.0
7019,HU_Nuclear,2030,5,21,22,0.0
7020,HU_Nuclear,2030,5,23,24,0.0
7021,HU_Nuclear,2030,6,1,2,0.0
7022,HU_Nuclear,2030,6,3,4,0.0
7023,HU_Nuclear,2030,6,5,6,0.0
7024,HU_Nuclear,2030,6,7,8,0.0
7025,HU_Nuclear,2030,6,9,10,0.0
7026,HU_Nuclear,2030,6,11,12,0.0
7027,HU_Nuclear,2030,6,13,14,0.0
7028,HU_Nuclear,2030,6,15,16,0.0
7029,HU_Nuclear,2030,6,17,18,0.0
7030,HU_Nuclear,2030,6,19,20,0.0
7031,HU_Nuclear,2030,6,21,22,0.0
7032,HU_Nuclear,2030,6,23,24,0.0
7033,HU_Nuclear,2030,7,1,2,0.0
7034,HU_Nuclear,2030,7,3,4,0.0
7035,HU_Nuclear,2030,7,5,6,0.0
7036,HU_Nuclear,2030,7,7,8,0.0
7037,HU_Nuclear,2030,7,9,10,0.0
7038,HU_Nuclear,2030,7,11,12,0.0
7039,HU_Nuclear,2030,7,13,14,0.0
7040,HU_Nuclear,2030,7,15,16,0.0
7041,HU_Nuclear,2030,7,17,18,0.0
7042,HU_Nuclear,2030,7,19,20,0.0
7043,HU_Nuclear,2030,7,21,22,0.0
7044,HU_Nuclear,2030,7,23,24,0.0
7045,HU_Nuclear,2030,8,1,2,0.0
7046,HU_Nuclear,2030,8,3,4,0.0
7047,HU_Nuclear,2030,8,5,6,0.0
7048,HU_Nuclear,2030,8,7,8,0.0
7049,HU_Nuclear,2030,8,9,10,0.0
7050,HU_Nuclear,2030,8,11,12,0.0
7051,HU_Nuclear,2030,8,13,14,0.0
7052,HU_Nuclear,2030,8,15,16,0.0
7053,HU_Nuclear,2030,8,17,18,0.0
7054,HU_Nuclear,2030,8,19,20,0.0
7055,HU_Nuclear,2030,8,21,22,0.0
7056,HU_Nuclear,2030,8,23,24,0.0
7057,HU_Nuclear,2030,9,1,2,0.0
7058,HU_Nuclear,2030,9,3,4,0.0
7059,HU_Nuclear,2030,9,5,6,0.0
7060,HU_Nuclear,2030,9,7,8,0.0
7061,HU_Nuclear,2030,9,9,10,0.0
7062,HU_Nuclear,2030,9,11,12,0.0
7063,HU_Nuclear,2030,9,13,14,0.0
7064,HU_Nuclear,2030,9,15,16,0.0
7065,HU_Nuclear,2030,9,17,18,0.0
7066,HU_Nuclear,2030,9,19,20,0.0
7067,HU_Nuclear,2030,9,21,22,0.0
7068,HU_Nuclear,2030,9,23,24,0.0
7069,HU_Nuclear,2030,10,1,2,0.0
7070,HU_Nuclear,2030,10,3,4,0.0
7071,HU_Nuclear,2030,10,5,6,0.0
7072,HU_Nuclear,2030,10,7,8,0.0
7073,HU_Nuclear,2030,10,9,10,0.0
7074,HU_Nuclear,2030,10,11,12,0.0
7075,HU_Nuclear,2030,10,13,14,0.0
7076,HU_Nuclear,2030,10,15,16,0.0
7077,HU_Nuclear,2030,10,17,18,0.0
7078,HU_Nuclear,2030,10,19,20,0.0
7079,HU_Nuclear,2030,10,21,22,0.0
7080,HU_Nuclear,2030,10,23,24,0.0
7081,HU_OCGT,2030,1,1,2,0.0
7082,HU_OCGT,2030,1,3,4,0.0
7083,HU_OCGT,2030,1,5,6,0.0
7084,HU_OCGT,2030,1,7,8,0.0
7085,HU_OCGT,2030,1,9,10,0.0
7086,HU_OCGT,2030,1,11,12,0.0
7087,HU_OCGT,2030,1,13,14,0.0
7088,HU_OCGT,2030,1,15,16,0.0
7089,HU_OCGT,2030,1,17,18,0.0
7090,HU_OCGT,2030,1,19,20,0.0
7091,HU_OCGT,2030,1,21,22,0.0
7092,HU_OCGT,2030,1,23,24,0.0
7093,HU_OCGT,2030,2,1,2,0.0
7094,HU_OCGT,2030,2,3,4,0.0
7095,HU_OCGT,2030,2,5,6,0.0
7096,HU_OCGT,2030,2,7,8,0.0
7097,HU_OCGT,2030,2,9,10,0.0
7098,HU_OCGT,2030,2,11,12,0.0
7099,HU_OCGT,2030,2,13,14,0.0
7100,HU_OCGT,2030,2,15,16,0.0
7101,HU_OCGT,2030,2,17,18,0.0
7102,HU_OCGT,2030,2,19,20,0.0
7103,HU_OCGT,2030,2,21,22,0.0
7104,HU_OCGT,2030,2,23,24,0.0
7105,HU_OCGT,2030,3,1,2,0.0
7106,HU_OCGT,2030,3,3,4,0.0
7107,HU_OCGT,2030,3,5,6,0.0
7108,HU_OCGT,2030,3,7,8,0.0
7109,HU_OCGT,2030,3,9,10,0.0
7110,HU_OCGT,2030,3,11,12,0.0
7111,HU_OCGT,2030,3,13,14,0.0
7112,HU_OCGT,2030,3,15,16,0.0
7113,HU_OCGT,2030,3,17,18,0.0
7114,HU_OCGT,2030,3,19,20,0.0
7115,HU_OCGT,2030,3,21,22,0.0
7116,HU_OCGT,2030,3,23,24,0.0
7117,HU_OCGT,2030,4,1,2,0.0
7118,HU_OCGT,2030,4,3,4,0.0
7119,HU_OCGT,2030,4,5,6,0.0
7120,HU_OCGT,2030,4,7,8,0.0
7121,HU_OCGT,2030,4,9,10,0.0
7122,HU_OCGT,2030,4,11,12,0.0
7123,HU_OCGT,2030,4,13,14,0.0
7124,HU_OCGT,2030,4,15,16,0.0
7125,HU_OCGT,2030,4,17,18,0.0
7126,HU_OCGT,2030,4,19,20,0.0
7127,HU_OCGT,2030,4,21,22,0.0
7128,HU_OCGT,2030,4,23,24,0.0
7129,HU_OCGT,2030,5,1,2,0.0
7130,HU_OCGT,2030,5,3,4,0.0
7131,HU_OCGT,2030,5,5,6,0.0
7132,HU_OCGT,2030,5,7,8,0.0
7133,HU_OCGT,2030,5,9,10,0.0
7134,HU_OCGT,2030,5,11,12,0.0
7135,HU_OCGT,2030,5,13,14,0.0
7136,HU_OCGT,2030,5,15,16,0.0
7137,HU_OCGT,2030,5,17,18,0.0
7138,HU_OCGT,2030,5,19,20,0.0
7139,HU_OCGT,2030,5,21,22,0.0
7140,HU_OCGT,2030,5,23,24,0.0
7141,HU_OCGT,2030,6,1,2,0.0
7142,HU_OCGT,2030,6,3,4,0.0
7143,HU_OCGT,2030,6,5,6,0.0
7144,HU_OCGT,2030,6,7,8,0.0
7145,HU_OCGT,2030,6,9,10,0.0
7146,HU_OCGT,2030,6,11,12,0.0
7147,HU_OCGT,2030,6,13,14,0.0
7148,HU_OCGT,2030,6,15,16,0.0
7149,HU_OCGT,2030,6,17,18,0.0
7150,HU_OCGT,2030,6,19,20,0.0
7151,HU_OCGT,2030,6,21,22,0.0
7152,HU_OCGT,2030,6,23,24,0.0
7153,HU_OCGT,2030,7,1,2,0.0
7154,HU_OCGT,2030,7,3,4,0.0
7155,HU_OCGT,2030,7,5,6,0.0
7156,HU_OCGT,2030,7,7,8,0.0
7157,HU_OCGT,2030,7,9,10,0.0
7158,HU_OCGT,2030,7,11,12,0.0
7159,HU_OCGT,2030,7,13,14,0.0
7160,HU_OCGT,2030,7,15,16,0.0
7161,HU_OCGT,2030,7,17,18,0.0
7162,HU_OCGT,2030,7,19,20,0.0
7163,HU_OCGT,2030,7,21,22,0.0
7164,HU_OCGT,2030,7,23,24,0.0
7165,HU_OCGT,2030,8,1,2,0.0
7166,HU_OCGT,2030,8,3,4,0.0
7167,HU_OCGT,2030,8,5,6,0.0
7168,HU_OCGT,2030,8,7,8,0.0
7169,HU_OCGT,2030,8,9,10,0.0
7170,HU_OCGT,2030,8,11,12,0.0
7171,HU_OCGT,2030,8,13,14,0.0
7172,HU_OCGT,2030,8,15,16,0.0
7173,HU_OCGT,2030,8,17,18,0.0
7174,HU_OCGT,2030,8,19,20,0.0
7175,HU_OCGT,2030,8,21,22,0.0
7176,HU_OCGT,2030,8,23,24,0.0
7177,HU_OCGT,2030,9,1,2,0.0
7178,HU_OCGT,2030,9,3,4,0.0
7179,HU_OCGT,2030,9,5,6,0.0
7180,HU_OCGT,2030,9,7,8,0.0
7181,HU_OCGT,2030,9,9,10,0.0
7182,HU_OCGT,2030,9,11,12,0.0
7183,HU_OCGT,2030,9,13,14,0.0
7184,HU_OCGT,2030,9,15,16,0.0
7185,HU_OCGT,2030,9,17,18,0.0
7186,HU_OCGT,2030,9,19,20,0.0
7187,HU_OCGT,2030,9,21,22,0.0
7188,HU_OCGT,2030,9,23,24,0.0
7189,HU_OCGT,2030,10,1,2,0.0
7190,HU_OCGT,2030,10,3,4,0.0
7191,HU_OCGT,2030,10,5,6,0.0
7192,HU_OCGT,2030,10,7,8,0.0
7193,HU_OCGT,2030,10,9,10,0.0
7194,HU_OCGT,2030,10,11,12,0.0
7195,HU_OCGT,2030,10,13,14,0.0
7196,HU_OCGT,2030,10,15,16,0.0
7197,HU_OCGT,2030,10,17,18,0.0
7198,HU_OCGT,2030,10,19,20,0.0
7199,HU_OCGT,2030,10,21,22,0.0
7200,HU_OCGT,2030,10,23,24,0.0
7201,IE_CCGT,2030,1,1,2,0.0
7202,IE_CCGT,2030,1,3,4,0.0
7203,IE_CCGT,2030,1,5,6,0.0
7204,IE_CCGT,2030,1,7,8,0.0
7205,IE_CCGT,2030,1,9,10,0.0
7206,IE_CCGT,2030,1,11,12,0.0
7207,IE_CCGT,2030,1,13,14,0.0
7208,IE_CCGT,2030,1,15,16,0.0
7209,IE_CCGT,2030,1,17,18,0.0
7210,IE_CCGT,2030,1,19,20,0.0
7211,IE_CCGT,2030,1,21,22,0.0
7212,IE_CCGT,2030,1,23,24,0.0
7213,IE_CCGT,2030,2,1,2,0.0
7214,IE_CCGT,2030,2,3,4,0.0
7215,IE_CCGT,2030,2,5,6,0.0
7216,IE_CCGT,2030,2,7,8,0.0
7217,IE_CCGT,2030,2,9,10,0.0
7218,IE_CCGT,2030,2,11,12,0.0
7219,IE_CCGT,2030,2,13,14,0.0
7220,IE_CCGT,2030,2,15,16,0.0
7221,IE_CCGT,2030,2,17,18,0.0
7222,IE_CCGT,2030,2,19,20,0.0
7223,IE_CCGT,2030,2,21,22,0.0
7224,IE_CCGT,2030,2,23,24,0.0
7225,IE_CCGT,2030,3,1,2,0.0
7226,IE_CCGT,2030,3,3,4,0.0
7227,IE_CCGT,2030,3,5,6,0.0
7228,IE_CCGT,2030,3,7,8,0.0
7229,IE_CCGT,2030,3,9,10,0.0
7230,IE_CCGT,2030,3,11,12,0.0
7231,IE_CCGT,2030,3,13,14,0.0
7232,IE_CCGT,2030,3,15,16,0.0
7233,IE_CCGT,2030,3,17,18,0.0
7234,IE_CCGT,2030,3,19,20,0.0
7235,IE_CCGT,2030,3,21,22,0.0
7236,IE_CCGT,2030,3,23,24,0.0
7237,IE_CCGT,2030,4,1,2,0.0
7238,IE_CCGT,2030,4,3,4,0.0
7239,IE_CCGT,2030,4,5,6,0.0
7240,IE_CCGT,2030,4,7,8,0.0
7241,IE_CCGT,2030,4,9,10,0.0
7242,IE_CCGT,2030,4,11,12,0.0
7243,IE_CCGT,2030,4,13,14,0.0
7244,IE_CCGT,2030,4,15,16,0.0
7245,IE_CCGT,2030,4,17,18,0.0
7246,IE_CCGT,2030,4,19,20,0.0
7247,IE_CCGT,2030,4,21,22,0.0
7248,IE_CCGT,2030,4,23,24,0.0
7249,IE_CCGT,2030,5,1,2,0.0
7250,IE_CCGT,2030,5,3,4,0.0
7251,IE_CCGT,2030,5,5,6,0.0
7252,IE_CCGT,2030,5,7,8,0.0
7253,IE_CCGT,2030,5,9,10,0.0
7254,IE_CCGT,2030,5,11,12,0.0
7255,IE_CCGT,2030,5,13,14,0.0
7256,IE_CCGT,2030,5,15,16,0.0
7257,IE_CCGT,2030,5,17,18,0.0
7258,IE_CCGT,2030,5,19,20,0.0
7259,IE_CCGT,2030,5,21,22,0.0
7260,IE_CCGT,2030,5,23,24,0.0
7261,IE_CCGT,2030,6,1,2,0.0
7262,IE_CCGT,2030,6,3,4,0.0
7263,IE_CCGT,2030,6,5,6,0.0
7264,IE_CCGT,2030,6,7,8,0.0
7265,IE_CCGT,2030,6,9,10,0.0
7266,IE_CCGT,2030,6,11,12,0.0
7267,IE_CCGT,2030,6,13,14,0.0
7268,IE_CCGT,2030,6,15,16,0.0
7269,IE_CCGT,2030,6,17,18,0.0
7270,IE_CCGT,2030,6,19,20,0.0
7271,IE_CCGT,2030,6,21,22,0.0
7272,IE_CCGT,2030,6,23,24,0.0
7273,IE_CCGT,2030,7,1,2,0.0
7274,IE_CCGT,2030,7,3,4,0.0
7275,IE_CCGT,2030,7,5,6,0.0
7276,IE_CCGT,2030,7,7,8,0.0
7277,IE_CCGT,2030,7,9,10,0.0
7278,IE_CCGT,2030,7,11,12,0.0
7279,IE_CCGT,2030,7,13,14,0.0
7280,IE_CCGT,2030,7,15,16,0.0
7281,IE_CCGT,2030,7,17,18,0.0
7282,IE_CCGT,2030,7,19,20,0.0
7283,IE_CCGT,2030,7,21,22,0.0
7284,IE_CCGT,2030,7,23,24,0.0
7285,IE_CCGT,2030,8,1,2,0.0
7286,IE_CCGT,2030,8,3,4,0.0
7287,IE_CCGT,2030,8,5,6,0.0
7288,IE_CCGT,2030,8,7,8,0.0
7289,IE_CCGT,2030,8,9,10,0.0
7290,IE_CCGT,2030,8,11,12,0.0
7291,IE_CCGT,2030,8,13,14,0.0
7292,IE_CCGT,2030,8,15,16,0.0
7293,IE_CCGT,2030,8,17,18,0.0
7294,IE_CCGT,2030,8,19,20,0.0
7295,IE_CCGT,2030,8,21,22,0.0
7296,IE_CCGT,2030,8,23,24,0.0
7297,IE_CCGT,2030,9,1,2,0.0
7298,IE_CCGT,2030,9,3,4,0.0
7299,IE_CCGT,2030,9,5,6,0.0
7300,IE_CCGT,2030,9,7,8,0.0
7301,IE_CCGT,2030,9,9,10,0.0
7302,IE_CCGT,2030,9,11,12,0.0
7303,IE_CCGT,2030,9,13,14,0.0
7304,IE_CCGT,2030,9,15,16,0.0
7305,IE_CCGT,2030,9,17,18,0.0
7306,IE_CCGT,2030,9,19,20,0.0
7307,IE_CCGT,2030,9,21,22,0.0
7308,IE_CCGT,2030,9,23,24,0.0
7309,IE_CCGT,2030,10,1,2,0.0
7310,IE_CCGT,2030,10,3,4,0.0
7311,IE_CCGT,2030,10,5,6,0.0
7312,IE_CCGT,2030,10,7,8,0.0
7313,IE_CCGT,2030,10,9,10,0.0
7314,IE_CCGT,2030,10,11,12,0.0
7315,IE_CCGT,2030,10,13,14,0.0
7316,IE_CCGT,2030,10,15,16,0.0
7317,IE_CCGT,2030,10,17,18,0.0
7318,IE_CCGT,2030,10,19,20,0.0
7319,IE_CCGT,2030,10,21,22,0.0
7320,IE_CCGT,2030,10,23,24,0.0
7321,IE_Coal,2030,1,1,2,0.0
7322,IE_Coal,2030,1,3,4,0.0
7323,IE_Coal,2030,1,5,6,0.0
7324,IE_Coal,2030,1,7,8,0.0
7325,IE_Coal,2030,1,9,10,0.0
7326,IE_Coal,2030,1,11,12,0.0
7327,IE_Coal,2030,1,13,14,0.0
7328,IE_Coal,2030,1,15,16,0.0
7329,IE_Coal,2030,1,17,18,0.0
7330,IE_Coal,2030,1,19,20,0.0
7331,IE_Coal,2030,1,21,22,0.0
7332,IE_Coal,2030,1,23,24,0.0
7333,IE_Coal,2030,2,1,2,0.0
7334,IE_Coal,2030,2,3,4,0.0
7335,IE_Coal,2030,2,5,6,0.0
7336,IE_Coal,2030,2,7,8,0.0
7337,IE_Coal,2030,2,9,10,0.0
7338,IE_Coal,2030,2,11,12,0.0
7339,IE_Coal,2030,2,13,14,0.0
7340,IE_Coal,2030,2,15,16,0.0
7341,IE_Coal,2030,2,17,18,0.0
7342,IE_Coal,2030,2,19,20,0.0
7343,IE_Coal,2030,2,21,22,0.0
7344,IE_Coal,2030,2,23,24,0.0
7345,IE_Coal,2030,3,1,2,0.0
7346,IE_Coal,2030,3,3,4,0.0
7347,IE_Coal,2030,3,5,6,0.0
7348,IE_Coal,2030,3,7,8,0.0
7349,IE_Coal,2030,3,9,10,0.0
7350,IE_Coal,2030,3,11,12,0.0
7351,IE_Coal,2030,3,13,14,0.0
7352,IE_Coal,2030,3,15,16,0.0
7353,IE_Coal,2030,3,17,18,0.0
7354,IE_Coal,2030,3,19,20,0.0
7355,IE_Coal,2030,3,21,22,0.0
7356,IE_Coal,2030,3,23,24,0.0
7357,IE_Coal,2030,4,1,2,0.0
7358,IE_Coal,2030,4,3,4,0.0
7359,IE_Coal,2030,4,5,6,0.0
7360,IE_Coal,2030,4,7,8,0.0
7361,IE_Coal,2030,4,9,10,0.0
7362,IE_Coal,2030,4,11,12,0.0
7363,IE_Coal,2030,4,13,14,0.0
7364,IE_Coal,2030,4,15,16,0.0
7365,IE_Coal,2030,4,17,18,0.0
7366,IE_Coal,2030,4,19,20,0.0
7367,IE_Coal,2030,4,21,22,0.0
7368,IE_Coal,2030,4,23,24,0.0
7369,IE_Coal,2030,5,1,2,0.0
7370,IE_Coal,2030,5,3,4,0.0
7371,IE_Coal,2030,5,5,6,0.0
7372,IE_Coal,2030,5,7,8,0.0
7373,IE_Coal,2030,5,9,10,0.0
7374,IE_Coal,2030,5,11,12,0.0
7375,IE_Coal,2030,5,13,14,0.0
7376,IE_Coal,2030,5,15,16,0.0
7377,IE_Coal,2030,5,17,18,0.0
7378,IE_Coal,2030,5,19,20,0.0
7379,IE_Coal,2030,5,21,22,0.0
7380,IE_Coal,2030,5,23,24,0.0
7381,IE_Coal,2030,6,1,2,0.0
7382,IE_Coal,2030,6,3,4,0.0
7383,IE_Coal,2030,6,5,6,0.0
7384,IE_Coal,2030,6,7,8,0.0
7385,IE_Coal,2030,6,9,10,0.0
7386,IE_Coal,2030,6,11,12,0.0
7387,IE_Coal,2030,6,13,14,0.0
7388,IE_Coal,2030,6,15,16,0.0
7389,IE_Coal,2030,6,17,18,0.0
7390,IE_Coal,2030,6,19,20,0.0
7391,IE_Coal,2030,6,21,22,0.0
7392,IE_Coal,2030,6,23,24,0.0
7393,IE_Coal,2030,7,1,2,0.0
7394,IE_Coal,2030,7,3,4,0.0
7395,IE_Coal,2030,7,5,6,0.0
7396,IE_Coal,2030,7,7,8,0.0
7397,IE_Coal,2030,7,9,10,0.0
7398,IE_Coal,2030,7,11,12,0.0
7399,IE_Coal,2030,7,13,14,0.0
7400,IE_Coal,2030,7,15,16,0.0
7401,IE_Coal,2030,7,17,18,0.0
7402,IE_Coal,2030,7,19,20,0.0
7403,IE_Coal,2030,7,21,22,0.0
7404,IE_Coal,2030,7,23,24,0.0
7405,IE_Coal,2030,8,1,2,0.0
7406,IE_Coal,2030,8,3,4,0.0
7407,IE_Coal,2030,8,5,6,0.0
7408,IE_Coal,2030,8,7,8,0.0
7409,IE_Coal,2030,8,9,10,0.0
7410,IE_Coal,2030,8,11,12,0.0
7411,IE_Coal,2030,8,13,14,0.0
7412,IE_Coal,2030,8,15,16,0.0
7413,IE_Coal,2030,8,17,18,0.0
7414,IE_Coal,2030,8,19,20,0.0
7415,IE_Coal,2030,8,21,22,0.0
7416,IE_Coal,2030,8,23,24,0.0
7417,IE_Coal,2030,9,1,2,0.0
7418,IE_Coal,2030,9,3,4,0.0
7419,IE_Coal,2030,9,5,6,0.0
7420,IE_Coal,2030,9,7,8,0.0
7421,IE_Coal,2030,9,9,10,0.0
7422,IE_Coal,2030,9,11,12,0.0
7423,IE_Coal,2030,9,13,14,0.0
7424,IE_Coal,2030,9,15,16,0.0
7425,IE_Coal,2030,9,17,18,0.0
7426,IE_Coal,2030,9,19,20,0.0
7427,IE_Coal,2030,9,21,22,0.0
7428,IE_Coal,2030,9,23,24,0.0
7429,IE_Coal,2030,10,1,2,0.0
7430,IE_Coal,2030,10,3,4,0.0
7431,IE_Coal,2030,10,5,6,0.0
7432,IE_Coal,2030,10,7,8,0.0
7433,IE_Coal,2030,10,9,10,0.0
7434,IE_Coal,2030,10,11,12,0.0
7435,IE_Coal,2030,10,13,14,0.0
7436,IE_Coal,2030,10,15,16,0.0
7437,IE_Coal,2030,10,17,18,0.0
7438,IE_Coal,2030,10,19,20,0.0
7439,IE_Coal,2030,10,21,22,0.0
7440,IE_Coal,2030,10,23,24,0.0
7441,IE_Nuclear,2030,1,1,2,0.0
7442,IE_Nuclear,2030,1,3,4,0.0
7443,IE_Nuclear,2030,1,5,6,0.0
7444,IE_Nuclear,2030,1,7,8,0.0
7445,IE_Nuclear,2030,1,9,10,0.0
7446,IE_Nuclear,2030,1,11,12,0.0
7447,IE_Nuclear,2030,1,13,14,0.0
7448,IE_Nuclear,2030,1,15,16,0.0
7449,IE_Nuclear,2030,1,17,18,0.0
7450,IE_Nuclear,2030,1,19,20,0.0
7451,IE_Nuclear,2030,1,21,22,0.0
7452,IE_Nuclear,2030,1,23,24,0.0
7453,IE_Nuclear,2030,2,1,2,0.0
7454,IE_Nuclear,2030,2,3,4,0.0
7455,IE_Nuclear,2030,2,5,6,0.0
7456,IE_Nuclear,2030,2,7,8,0.0
7457,IE_Nuclear,2030,2,9,10,0.0
7458,IE_Nuclear,2030,2,11,12,0.0
7459,IE_Nuclear,2030,2,13,14,0.0
7460,IE_Nuclear,2030,2,15,16,0.0
7461,IE_Nuclear,2030,2,17,18,0.0
7462,IE_Nuclear,2030,2,19,20,0.0
7463,IE_Nuclear,2030,2,21,22,0.0
7464,IE_Nuclear,2030,2,23,24,0.0
7465,IE_Nuclear,2030,3,1,2,0.0
7466,IE_Nuclear,2030,3,3,4,0.0
7467,IE_Nuclear,2030,3,5,6,0.0
7468,IE_Nuclear,2030,3,7,8,0.0
7469,IE_Nuclear,2030,3,9,10,0.0
7470,IE_Nuclear,2030,3,11,12,0.0
7471,IE_Nuclear,2030,3,13,14,0.0
7472,IE_Nuclear,2030,3,15,16,0.0
7473,IE_Nuclear,2030,3,17,18,0.0
7474,IE_Nuclear,2030,3,19,20,0.0
7475,IE_Nuclear,2030,3,21,22,0.0
7476,IE_Nuclear,2030,3,23,24,0.0
7477,IE_Nuclear,2030,4,1,2,0.0
7478,IE_Nuclear,2030,4,3,4,0.0
7479,IE_Nuclear,2030,4,5,6,0.0
7480,IE_Nuclear,2030,4,7,8,0.0
7481,IE_Nuclear,2030,4,9,10,0.0
7482,IE_Nuclear,2030,4,11,12,0.0
7483,IE_Nuclear,2030,4,13,14,0.0
7484,IE_Nuclear,2030,4,15,16,0.0
7485,IE_Nuclear,2030,4,17,18,0.0
7486,IE_Nuclear,2030,4,19,20,0.0
7487,IE_Nuclear,2030,4,21,22,0.0
7488,IE_Nuclear,2030,4,23,24,0.0
7489,IE_Nuclear,2030,5,1,2,0.0
7490,IE_Nuclear,2030,5,3,4,0.0
7491,IE_Nuclear,2030,5,5,6,0.0
7492,IE_Nuclear,2030,5,7,8,0.0
7493,IE_Nuclear,2030,5,9,10,0.0
7494,IE_Nuclear,2030,5,11,12,0.0
7495,IE_Nuclear,2030,5,13,14,0.0
7496,IE_Nuclear,2030,5,15,16,0.0
7497,IE_Nuclear,2030,5,17,18,0.0
7498,IE_Nuclear,2030,5,19,20,0.0
7499,IE_Nuclear,2030,5,21,22,0.0
7500,IE_Nuclear,2030,5,23,24,0.0
7501,IE_Nuclear,2030,6,1,2,0.0
7502,IE_Nuclear,2030,6,3,4,0.0
7503,IE_Nuclear,2030,6,5,6,0.0
7504,IE_Nuclear,2030,6,7,8,0.0
7505,IE_Nuclear,2030,6,9,10,0.0
7506,IE_Nuclear,2030,6,11,12,0.0
7507,IE_Nuclear,2030,6,13,14,0.0
7508,IE_Nuclear,2030,6,15,16,0.0
7509,IE_Nuclear,2030,6,17,18,0.0
7510,IE_Nuclear,2030,6,19,20,0.0
7511,IE_Nuclear,2030,6,21,22,0.0
7512,IE_Nuclear,2030,6,23,24,0.0
7513,IE_Nuclear,2030,7,1,2,0.0
7514,IE_Nuclear,2030,7,3,4,0.0
7515,IE_Nuclear,2030,7,5,6,0.0
7516,IE_Nuclear,2030,7,7,8,0.0
7517,IE_Nuclear,2030,7,9,10,0.0
7518,IE_Nuclear,2030,7,11,12,0.0
7519,IE_Nuclear,2030,7,13,14,0.0
7520,IE_Nuclear,2030,7,15,16,0.0
7521,IE_Nuclear,2030,7,17,18,0.0
7522,IE_Nuclear,2030,7,19,20,0.0
7523,IE_Nuclear,2030,7,21,22,0.0
7524,IE_Nuclear,2030,7,23,24,0.0
7525,IE_Nuclear,2030,8,1,2,0.0
7526,IE_Nuclear,2030,8,3,4,0.0
7527,IE_Nuclear,2030,8,5,6,0.0
7528,IE_Nuclear,2030,8,7,8,0.0
7529,IE_Nuclear,2030,8,9,10,0.0
7530,IE_Nuclear,2030,8,11,12,0.0
7531,IE_Nuclear,2030,8,13,14,0.0
7532,IE_Nuclear,2030,8,15,16,0.0
7533,IE_Nuclear,2030,8,17,18,0.0
7534,IE_Nuclear,2030,8,19,20,0.0
7535,IE_Nuclear,2030,8,21,22,0.0
7536,IE_Nuclear,2030,8,23,24,0.0
7537,IE_Nuclear,2030,9,1,2,0.0
7538,IE_Nuclear,2030,9,3,4,0.0
7539,IE_Nuclear,2030,9,5,6,0.0
7540,IE_Nuclear,2030,9,7,8,0.0
7541,IE_Nuclear,2030,9,9,10,0.0
7542,IE_Nuclear,2030,9,11,12,0.0
7543,IE_Nuclear,2030,9,13,14,0.0
7544,IE_Nuclear,2030,9,15,16,0.0
7545,IE_Nuclear,2030,9,17,18,0.0
7546,IE_Nuclear,2030,9,19,20,0.0
7547,IE_Nuclear,2030,9,21,22,0.0
7548,IE_Nuclear,2030,9,23,24,0.0
7549,IE_Nuclear,2030,10,1,2,0.0
7550,IE_Nuclear,2030,10,3,4,0.0
7551,IE_Nuclear,2030,10,5,6,0.0
7552,IE_Nuclear,2030,10,7,8,0.0
7553,IE_Nuclear,2030,10,9,10,0.0
7554,IE_Nuclear,2030,10,11,12,0.0
7555,IE_Nuclear,2030,10,13,14,0.0
7556,IE_Nuclear,2030,10,15,16,0.0
7557,IE_Nuclear,2030,10,17,18,0.0
7558,IE_Nuclear,2030,10,19,20,0.0
7559,IE_Nuclear,2030,10,21,22,0.0
7560,IE_Nuclear,2030,10,23,24,0.0
7561,IE_OCGT,2030,1,1,2,0.0
7562,IE_OCGT,2030,1,3,4,0.0
7563,IE_OCGT,2030,1,5,6,0.0
7564,IE_OCGT,2030,1,7,8,0.0
7565,IE_OCGT,2030,1,9,10,0.0
7566,IE_OCGT,2030,1,11,12,0.0
7567,IE_OCGT,2030,1,13,14,0.0
7568,IE_OCGT,2030,1,15,16,0.0
7569,IE_OCGT,2030,1,17,18,0.0
7570,IE_OCGT,2030,1,19,20,0.0
7571,IE_OCGT,2030,1,21,22,0.0
7572,IE_OCGT,2030,1,23,24,0.0
7573,IE_OCGT,2030,2,1,2,0.0
7574,IE_OCGT,2030,2,3,4,0.0
7575,IE_OCGT,2030,2,5,6,0.0
7576,IE_OCGT,2030,2,7,8,0.0
7577,IE_OCGT,2030,2,9,10,0.0
7578,IE_OCGT,2030,2,11,12,0.0
7579,IE_OCGT,2030,2,13,14,0.0
7580,IE_OCGT,2030,2,15,16,0.0
7581,IE_OCGT,2030,2,17,18,0.0
7582,IE_OCGT,2030,2,19,20,0.0
7583,IE_OCGT,2030,2,21,22,0.0
7584,IE_OCGT,2030,2,23,24,0.0
7585,IE_OCGT,2030,3,1,2,0.0
7586,IE_OCGT,2030,3,3,4,0.0
7587,IE_OCGT,2030,3,5,6,0.0
7588,IE_OCGT,2030,3,7,8,0.0
7589,IE_OCGT,2030,3,9,10,0.0
7590,IE_OCGT,2030,3,11,12,0.0
7591,IE_OCGT,2030,3,13,14,0.0
7592,IE_OCGT,2030,3,15,16,0.0
7593,IE_OCGT,2030,3,17,18,0.0
7594,IE_OCGT,2030,3,19,20,0.0
7595,IE_OCGT,2030,3,21,22,0.0
7596,IE_OCGT,2030,3,23,24,0.0
7597,IE_OCGT,2030,4,1,2,0.0
7598,IE_OCGT,2030,4,3,4,0.0
7599,IE_OCGT,2030,4,5,6,0.0
7600,IE_OCGT,2030,4,7,8,0.0
7601,IE_OCGT,2030,4,9,10,0.0
7602,IE_OCGT,2030,4,11,12,0.0
7603,IE_OCGT,2030,4,13,14,0.0
7604,IE_OCGT,2030,4,15,16,0.0
7605,IE_OCGT,2030,4,17,18,0.0
7606,IE_OCGT,2030,4,19,20,0.0
7607,IE_OCGT,2030,4,21,22,0.0
7608,IE_OCGT,2030,4,23,24,0.0
7609,IE_OCGT,2030,5,1,2,0.0
7610,IE_OCGT,2030,5,3,4,0.0
7611,IE_OCGT,2030,5,5,6,0.0
7612,IE_OCGT,2030,5,7,8,0.0
7613,IE_OCGT,2030,5,9,10,0.0
7614,IE_OCGT,2030,5,11,12,0.0
7615,IE_OCGT,2030,5,13,14,0.0
7616,IE_OCGT,2030,5,15,16,0.0
7617,IE_OCGT,2030,5,17,18,0.0
7618,IE_OCGT,2030,5,19,20,0.0
7619,IE_OCGT,2030,5,21,22,0.0
7620,IE_OCGT,2030,5,23,24,0.0
7621,IE_OCGT,2030,6,1,2,0.0
7622,IE_OCGT,2030,6,3,4,0.0
7623,IE_OCGT,2030,6,5,6,0.0
7624,IE_OCGT,2030,6,7,8,0.0
7625,IE_OCGT,2030,6,9,10,0.0
7626,IE_OCGT,2030,6,11,12,0.0
7627,IE_OCGT,2030,6,13,14,0.0
7628,IE_OCGT,2030,6,15,16,0.0
7629,IE_OCGT,2030,6,17,18,0.0
7630,IE_OCGT,2030,6,19,20,0.0
7631,IE_OCGT,2030,6,21,22,0.0
7632,IE_OCGT,2030,6,23,24,0.0
7633,IE_OCGT,2030,7,1,2,0.0
7634,IE_OCGT,2030,7,3,4,0.0
7635,IE_OCGT,2030,7,5,6,0.0
7636,IE_OCGT,2030,7,7,8,0.0
7637,IE_OCGT,2030,7,9,10,0.0
7638,IE_OCGT,2030,7,11,12,0.0
7639,IE_OCGT,2030,7,13,14,0.0
7640,IE_OCGT,2030,7,15,16,0.0
7641,IE_OCGT,2030,7,17,18,0.0
7642,IE_OCGT,2030,7,19,20,0.0
7643,IE_OCGT,2030,7,21,22,0.0
7644,IE_OCGT,2030,7,23,24,0.0
7645,IE_OCGT,2030,8,1,2,0.0
7646,IE_OCGT,2030,8,3,4,0.0
7647,IE_OCGT,2030,8,5,6,0.0
7648,IE_OCGT,2030,8,7,8,0.0
7649,IE_OCGT,2030,8,9,10,0.0
7650,IE_OCGT,2030,8,11,12,0.0
7651,IE_OCGT,2030,8,13,14,0.0
7652,IE_OCGT,2030,8,15,16,0.0
7653,IE_OCGT,2030,8,17,18,0.0
7654,IE_OCGT,2030,8,19,20,0.0
7655,IE_OCGT,2030,8,21,22,0.0
7656,IE_OCGT,2030,8,23,24,0.0
7657,IE_OCGT,2030,9,1,2,0.0
7658,IE_OCGT,2030,9,3,4,0.0
7659,IE_OCGT,2030,9,5,6,0.0
7660,IE_OCGT,2030,9,7,8,0.0
7661,IE_OCGT,2030,9,9,10,0.0
7662,IE_OCGT,2030,9,11,12,0.0
7663,IE_OCGT,2030,9,13,14,0.0
7664,IE_OCGT,2030,9,15,16,0.0
7665,IE_OCGT,2030,9,17,18,0.0
7666,IE_OCGT,2030,9,19,20,0.0
7667,IE_OCGT,2030,9,21,22,0.0
7668,IE_OCGT,2030,9,23,24,0.0
7669,IE_OCGT,2030,10,1,2,0.0
7670,IE_OCGT,2030,10,3,4,0.0
7671,IE_OCGT,2030,10,5,6,0.0
7672,IE_OCGT,2030,10,7,8,0.0
7673,IE_OCGT,2030,10,9,10,0.0
7674,IE_OCGT,2030,10,11,12,0.0
7675,IE_OCGT,2030,10,13,14,0.0
7676,IE_OCGT,2030,10,15,16,0.0
7677,IE_OCGT,2030,10,17,18,0.0
7678,IE_OCGT,2030,10,19,20,0.0
7679,IE_OCGT,2030,10,21,22,0.0
7680,IE_OCGT,2030,10,23,24,0.0
7681,IT_CCGT,2030,1,1,2,0.0
7682,IT_CCGT,2030,1,3,4,0.0
7683,IT_CCGT,2030,1,5,6,0.0
7684,IT_CCGT,2030,1,7,8,0.0
7685,IT_CCGT,2030,1,9,10,0.0
7686,IT_CCGT,2030,1,11,12,0.0
7687,IT_CCGT,2030,1,13,14,0.0
7688,IT_CCGT,2030,1,15,16,0.0
7689,IT_CCGT,2030,1,17,18,0.0
7690,IT_CCGT,2030,1,19,20,0.0
7691,IT_CCGT,2030,1,21,22,0.0
7692,IT_CCGT,2030,1,23,24,0.0
7693,IT_CCGT,2030,2,1,2,0.0
7694,IT_CCGT,2030,2,3,4,0.0
7695,IT_CCGT,2030,2,5,6,0.0
7696,IT_CCGT,2030,2,7,8,0.0
7697,IT_CCGT,2030,2,9,10,0.0
7698,IT_CCGT,2030,2,11,12,0.0
7699,IT_CCGT,2030,2,13,14,0.0
7700,IT_CCGT,2030,2,15,16,0.0
7701,IT_CCGT,2030,2,17,18,0.0
7702,IT_CCGT,2030,2,19,20,0.0
7703,IT_CCGT,2030,2,21,22,0.0
7704,IT_CCGT,2030,2,23,24,0.0
7705,IT_CCGT,2030,3,1,2,0.0
7706,IT_CCGT,2030,3,3,4,0.0
7707,IT_CCGT,2030,3,5,6,0.0
7708,IT_CCGT,2030,3,7,8,0.0
7709,IT_CCGT,2030,3,9,10,0.0
7710,IT_CCGT,2030,3,11,12,0.0
7711,IT_CCGT,2030,3,13,14,0.0
7712,IT_CCGT,2030,3,15,16,-1.0439999999999996
7713,IT_CCGT,2030,3,17,18,0.0
7714,IT_CCGT,2030,3,19,20,0.0
7715,IT_CCGT,2030,3,21,22,0.0
7716,IT_CCGT,2030,3,23,24,0.0
7717,IT_CCGT,2030,4,1,2,0.0
7718,IT_CCGT,2030,4,3,4,0.0
7719,IT_CCGT,2030,4,5,6,0.0
7720,IT_CCGT,2030,4,7,8,0.0
7721,IT_CCGT,2030,4,9,10,0.0
7722,IT_CCGT,2030,4,11,12,0.0
7723,IT_CCGT,2030,4,13,14,0.0
7724,IT_CCGT,2030,4,15,16,0.0
7725,IT_CCGT,2030,4,17,18,0.0
7726,IT_CCGT,2030,4,19,20,-12.84409711699901
7727,IT_CCGT,2030,4,21,22,0.0
7728,IT_CCGT,2030,4,23,24,0.0
7729,IT_CCGT,2030,5,1,2,0.0
7730,IT_CCGT,2030,5,3,4,0.0
7731,IT_CCGT,2030,5,5,6,0.0
7732,IT_CCGT,2030,5,7,8,0.0
7733,IT_CCGT,2030,5,9,10,0.0
7734,IT_CCGT,2030,5,11,12,0.0
7735,IT_CCGT,2030,5,13,14,0.0
7736,IT_CCGT,2030,5,15,16,0.0
7737,IT_CCGT,2030,5,17,18,0.0
7738,IT_CCGT,2030,5,19,20,0.0
7739,IT_CCGT,2030,5,21,22,0.0
7740,IT_CCGT,2030,5,23,24,0.0
7741,IT_CCGT,2030,6,1,2,0.0
7742,IT_CCGT,2030,6,3,4,0.0
7743,IT_CCGT,2030,6,5,6,0.0
7744,IT_CCGT,2030,6,7,8,0.0
7745,IT_CCGT,2030,6,9,10,0.0
7746,IT_CCGT,2030,6,11,12,0.0
7747,IT_CCGT,2030,6,13,14,0.0
7748,IT_CCGT,2030,6,15,16,0.0
7749,IT_CCGT,2030,6,17,18,0.0
7750,IT_CCGT,2030,6,19,20,0.0
7751,IT_CCGT,2030,6,21,22,0.0
7752,IT_CCGT,2030,6,23,24,0.0
7753,IT_CCGT,2030,7,1,2,0.0
7754,IT_CCGT,2030,7,3,4,0.0
7755,IT_CCGT,2030,7,5,6,0.0
7756,IT_CCGT,2030,7,7,8,0.0
7757,IT_CCGT,2030,7,9,10,0.0
7758,IT_CCGT,2030,7,11,12,0.0
7759,IT_CCGT,2030,7,13,14,0.0
7760,IT_CCGT,2030,7,15,16,0.0
7761,IT_CCGT,2030,7,17,18,0.0
7762,IT_CCGT,2030,7,19,20,0.0
7763,IT_CCGT,2030,7,21,22,0.0
7764,IT_CCGT,2030,7,23,24,0.0
7765,IT_CCGT,2030,8,1,2,0.0
7766,IT_CCGT,2030,8,3,4,0.0
7767,IT_CCGT,2030,8,5,6,0.0
7768,IT_CCGT,2030,8,7,8,0.0
7769,IT_CCGT,2030,8,9,10,0.0
7770,IT_CCGT,2030,8,11,12,0.0
7771,IT_CCGT,2030,8,13,14,0.0
7772,IT_CCGT,2030,8,15,16,0.0
7773,IT_CCGT,2030,8,17,18,0.0
7774,IT_CCGT,2030,8,19,20,0.0
7775,IT_CCGT,2030,8,21,22,0.0
7776,IT_CCGT,2030,8,23,24,0.0
7777,IT_CCGT,2030,9,1,2,0.0
7778,IT_CCGT,2030,9,3,4,0.0
7779,IT_CCGT,2030,9,5,6,0.0
7780,IT_CCGT,2030,9,7,8,0.0
7781,IT_CCGT,2030,9,9,10,0.0
7782,IT_CCGT,2030,9,11,12,0.0
7783,IT_CCGT,2030,9,13,14,0.0
7784,IT_CCGT,2030,9,15,16,0.0
7785,IT_CCGT,2030,9,17,18,0.0
7786,IT_CCGT,2030,9,19,20,0.0
7787,IT_CCGT,2030,9,21,22,0.0
7788,IT_CCGT,2030,9,23,24,0.0
7789,IT_CCGT,2030,10,1,2,0.0
7790,IT_CCGT,2030,10,3,4,0.0
7791,IT_CCGT,2030,10,5,6,0.0
7792,IT_CCGT,2030,10,7,8,0.0
7793,IT_CCGT,2030,10,9,10,0.0
7794,IT_CCGT,2030,10,11,12,0.0
7795,IT_CCGT,2030,10,13,14,0.0
7796,IT_CCGT,2030,10,15,16,0.0
7797,IT_CCGT,2030,10,17,18,0.0
7798,IT_CCGT,2030,10,19,20,0.0
7799,IT_CCGT,2030,10,21,22,0.0
7800,IT_CCGT,2030,10,23,24,0.0
7801,IT_Coal,2030,1,1,2,0.0
7802,IT_Coal,2030,1,3,4,0.0
7803,IT_Coal,2030,1,5,6,0.0
7804,IT_Coal,2030,1,7,8,0.0
7805,IT_Coal,2030,1,9,10,0.0
7806,IT_Coal,2030,1,11,12,0.0
7807,IT_Coal,2030,1,13,14,0.0
7808,IT_Coal,2030,1,15,16,0.0
7809,IT_Coal,2030,1,17,18,0.0
7810,IT_Coal,2030,1,19,20,0.0
7811,IT_Coal,2030,1,21,22,0.0
7812,IT_Coal,2030,1,23,24,0.0
7813,IT_Coal,2030,2,1,2,0.0
7814,IT_Coal,2030,2,3,4,0.0
7815,IT_Coal,2030,2,5,6,0.0
7816,IT_Coal,2030,2,7,8,0.0
7817,IT_Coal,2030,2,9,10,0.0
7818,IT_Coal,2030,2,11,12,0.0
7819,IT_Coal,2030,2,13,14,0.0
7820,IT_Coal,2030,2,15,16,0.0
7821,IT_Coal,2030,2,17,18,0.0
7822,IT_Coal,2030,2,19,20,0.0
7823,IT_Coal,2030,2,21,22,0.0
7824,IT_Coal,2030,2,23,24,0.0
7825,IT_Coal,2030,3,1,2,0.0
7826,IT_Coal,2030,3,3,4,0.0
7827,IT_Coal,2030,3,5,6,0.0
7828,IT_Coal,2030,3,7,8,0.0
7829,IT_Coal,2030,3,9,10,0.0
7830,IT_Coal,2030,3,11,12,-0.8874000000000002
7831,IT_Coal,2030,3,13,14,0.0
7832,IT_Coal,2030,3,15,16,0.0
7833,IT_Coal,2030,3,17,18,0.0
7834,IT_Coal,2030,3,19,20,0.0
7835,IT_Coal,2030,3,21,22,0.0
7836,IT_Coal,2030,3,23,24,0.0
7837,IT_Coal,2030,4,1,2,0.0
7838,IT_Coal,2030,4,3,4,0.0
7839,IT_Coal,2030,4,5,6,0.0
7840,IT_Coal,2030,4,7,8,0.0
7841,IT_Coal,2030,4,9,10,0.0
7842,IT_Coal,2030,4,11,12,0.0
7843,IT_Coal,2030,4,13,14,0.0
7844,IT_Coal,2030,4,15,16,0.0
7845,IT_Coal,2030,4,17,18,0.0
7846,IT_Coal,2030,4,19,20,0.0
7847,IT_Coal,2030,4,21,22,0.0
7848,IT_Coal,2030,4,23,24,0.0
7849,IT_Coal,2030,5,1,2,0.0
7850,IT_Coal,2030,5,3,4,0.0
7851,IT_Coal,2030,5,5,6,0.0
7852,IT_Coal,2030,5,7,8,0.0
7853,IT_Coal,2030,5,9,10,0.0
7854,IT_Coal,2030,5,11,12,0.0
7855,IT_Coal,2030,5,13,14,0.0
7856,IT_Coal,2030,5,15,16,0.0
7857,IT_Coal,2030,5,17,18,0.0
7858,IT_Coal,2030,5,19,20,0.0
7859,IT_Coal,2030,5,21,22,0.0
7860,IT_Coal,2030,5,23,24,0.0
7861,IT_Coal,2030,6,1,2,0.0
7862,IT_Coal,2030,6,3,4,0.0
7863,IT_Coal,2030,6,5,6,0.0
7864,IT_Coal,2030,6,7,8,0.0
7865,IT_Coal,2030,6,9,10,0.0
7866,IT_Coal,2030,6,11,12,0.0
7867,IT_Coal,2030,6,13,14,0.0
7868,IT_Coal,2030,6,15,16,0.0
7869,IT_Coal,2030,6,17,18,0.0
7870,IT_Coal,2030,6,19,20,0.0
7871,IT_Coal,2030,6,21,22,0.0
7872,IT_Coal,2030,6,23,24,0.0
7873,IT_Coal,2030,7,1,2,0.0
7874,IT_Coal,2030,7,3,4,0.0
7875,IT_Coal,2030,7,5,6,0.0
7876,IT_Coal,2030,7,7,8,0.0
7877,IT_Coal,2030,7,9,10,0.0
7878,IT_Coal,2030,7,11,12,0.0
7879,IT_Coal,2030,7,13,14,0.0
7880,IT_Coal,2030,7,15,16,0.0
7881,IT_Coal,2030,7,17,18,0.0
7882,IT_Coal,2030,7,19,20,0.0
7883,IT_Coal,2030,7,21,22,0.0
7884,IT_Coal,2030,7,23,24,0.0
7885,IT_Coal,2030,8,1,2,0.0
7886,IT_Coal,2030,8,3,4,0.0
7887,IT_Coal,2030,8,5,6,0.0
7888,IT_Coal,2030,8,7,8,0.0
7889,IT_Coal,2030,8,9,10,0.0
7890,IT_Coal,2030,8,11,12,0.0
7891,IT_Coal,2030,8,13,14,0.0
7892,IT_Coal,2030,8,15,16,0.0
7893,IT_Coal,2030,8,17,18,0.0
7894,IT_Coal,2030,8,19,20,0.0
7895,IT_Coal,2030,8,21,22,0.0
7896,IT_Coal,2030,8,23,24,0.0
7897,IT_Coal,2030,9,1,2,0.0
7898,IT_Coal,2030,9,3,4,0.0
7899,IT_Coal,2030,9,5,6,0.0
7900,IT_Coal,2030,9,7,8,0.0
7901,IT_Coal,2030,9,9,10,0.0
7902,IT_Coal,2030,9,11,12,0.0
7903,IT_Coal,2030,9,13,14,0.0
7904,IT_Coal,2030,9,15,16,0.0
7905,IT_Coal,2030,9,17,18,0.0
7906,IT_Coal,2030,9,19,20,0.0
7907,IT_Coal,2030,9,21,22,0.0
7908,IT_Coal,2030,9,23,24,0.0
7909,IT_Coal,2030,10,1,2,0.0
7910,IT_Coal,2030,10,3,4,0.0
7911,IT_Coal,2030,10,5,6,0.0
7912,IT_Coal,2030,10,7,8,0.0
7913,IT_Coal,2030,10,9,10,-1.4076
7914,IT_Coal,2030,10,11,12,0.0
7915,IT_Coal,2030,10,13,14,0.0
7916,IT_Coal,2030,10,15,16,0.0
7917,IT_Coal,2030,10,17,18,0.0
7918,IT_Coal,2030,10,19,20,0.0
7919,IT_Coal,2030,10,21,22,0.0
7920,IT_Coal,2030,10,23,24,0.0
7921,IT_Nuclear,2030,1,1,2,0.0
7922,IT_Nuclear,2030,1,3,4,0.0
7923,IT_Nuclear,2030,1,5,6,0.0
7924,IT_Nuclear,2030,1,7,8,0.0
7925,IT_Nuclear,2030,1,9,10,0.0
7926,IT_Nuclear,2030,1,11,12,0.0
7927,IT_Nuclear,2030,1,13,14,0.0
7928,IT_Nuclear,2030,1,15,16,0.0
7929,IT_Nuclear,2030,1,17,18,0.0
7930,IT_Nuclear,2030,1,19,20,0.0
7931,IT_Nuclear,2030,1,21,22,0.0
7932,IT_Nuclear,2030,1,23,24,0.0
7933,IT_Nuclear,2030,2,1,2,0.0
7934,IT_Nuclear,2030,2,3,4,0.0
7935,IT_Nuclear,2030,2,5,6,0.0
7936,IT_Nuclear,2030,2,7,8,0.0
7937,IT_Nuclear,2030,2,9,10,0.0
7938,IT_Nuclear,2030,2,11,12,0.0
7939,IT_Nuclear,2030,2,13,14,0.0
7940,IT_Nuclear,2030,2,15,16,0.0
7941,IT_Nuclear,2030,2,17,18,0.0
7942,IT_Nuclear,2030,2,19,20,0.0
7943,IT_Nuclear,2030,2,21,22,0.0
7944,IT_Nuclear,2030,2,23,24,0.0
7945,IT_Nuclear,2030,3,1,2,0.0
7946,IT_Nuclear,2030,3,3,4,0.0
7947,IT_Nuclear,2030,3,5,6,0.0
7948,IT_Nuclear,2030,3,7,8,0.0
7949,IT_Nuclear,2030,3,9,10,0.0
7950,IT_Nuclear,2030,3,11,12,0.0
7951,IT_Nuclear,2030,3,13,14,0.0
7952,IT_Nuclear,2030,3,15,16,0.0
7953,IT_Nuclear,2030,3,17,18,0.0
7954,IT_Nuclear,2030,3,19,20,0.0
7955,IT_Nuclear,2030,3,21,22,0.0
7956,IT_Nuclear,2030,3,23,24,0.0
7957,IT_Nuclear,2030,4,1,2,0.0
7958,IT_Nuclear,2030,4,3,4,0.0
7959,IT_Nuclear,2030,4,5,6,0.0
7960,IT_Nuclear,2030,4,7,8,0.0
7961,IT_Nuclear,2030,4,9,10,0.0
7962,IT_Nuclear,2030,4,11,12,0.0
7963,IT_Nuclear,2030,4,13,14,0.0
7964,IT_Nuclear,2030,4,15,16,0.0
7965,IT_Nuclear,2030,4,17,18,0.0
7966,IT_Nuclear,2030,4,19,20,0.0
7967,IT_Nuclear,2030,4,21,22,0.0
7968,IT_Nuclear,2030,4,23,24,0.0
7969,IT_Nuclear,2030,5,1,2,0.0
7970,IT_Nuclear,2030,5,3,4,0.0
7971,IT_Nuclear,2030,5,5,6,0.0
7972,IT_Nuclear,2030,5,7,8,0.0
7973,IT_Nuclear,2030,5,9,10,0.0
7974,IT_Nuclear,2030,5,11,12,0.0
7975,IT_Nuclear,2030,5,13,14,0.0
7976,IT_Nuclear,2030,5,15,16,0.0
7977,IT_Nuclear,2030,5,17,18,0.0
7978,IT_Nuclear,2030,5,19,20,0.0
7979,IT_Nuclear,2030,5,21,22,0.0
7980,IT_Nuclear,2030,5,23,24,0.0
7981,IT_Nuclear,2030,6,1,2,0.0
7982,IT_Nuclear,2030,6,3,4,0.0
7983,IT_Nuclear,2030,6,5,6,0.0
7984,IT_Nuclear,2030,6,7,8,0.0
7985,IT_Nuclear,2030,6,9,10,0.0
7986,IT_Nuclear,2030,6,11,12,0.0
7987,IT_Nuclear,2030,6,13,14,0.0
7988,IT_Nuclear,2030,6,15,16,0.0
7989,IT_Nuclear,2030,6,17,18,0.0
7990,IT_Nuclear,2030,6,19,20,0.0
7991,IT_Nuclear,2030,6,21,22,0.0
7992,IT_Nuclear,2030,6,23,24,0.0
7993,IT_Nuclear,2030,7,1,2,0.0
7994,IT_Nuclear,2030,7,3,4,0.0
7995,IT_Nuclear,2030,7,5,6,0.0
7996,IT_Nuclear,2030,7,7,8,0.0
7997,IT_Nuclear,2030,7,9,10,0.0
7998,IT_Nuclear,2030,7,11,12,0.0
7999,IT_Nuclear,2030,7,13,14,0.0
8000,IT_Nuclear,2030,7,15,16,0.0
8001,IT_Nuclear,2030,7,17,18,0.0
8002,IT_Nuclear,2030,7,19,20,0.0
8003,IT_Nuclear,2030,7,21,22,0.0
8004,IT_Nuclear,2030,7,23,24,0.0
8005,IT_Nuclear,2030,8,1,2,0.0
8006,IT_Nuclear,2030,8,3,4,0.0
8007,IT_Nuclear,2030,8,5,6,0.0
8008,IT_Nuclear,2030,8,7,8,0.0
8009,IT_Nuclear,2030,8,9,10,0.0
8010,IT_Nuclear,2030,8,11,12,0.0
8011,IT_Nuclear,2030,8,13,14,0.0
8012,IT_Nuclear,2030,8,15,16,0.0
8013,IT_Nuclear,2030,8,17,18,0.0
8014,IT_Nuclear,2030,8,19,20,0.0
8015,IT_Nuclear,2030,8,21,22,0.0
8016,IT_Nuclear,2030,8,23,24,0.0
8017,IT_Nuclear,2030,9,1,2,0.0
8018,IT_Nuclear,2030,9,3,4,0.0
8019,IT_Nuclear,2030,9,5,6,0.0
8020,IT_Nuclear,2030,9,7,8,0.0
8021,IT_Nuclear,2030,9,9,10,0.0
8022,IT_Nuclear,2030,9,11,12,0.0
8023,IT_Nuclear,2030,9,13,14,0.0
8024,IT_Nuclear,2030,9,15,16,0.0
8025,IT_Nuclear,2030,9,17,18,0.0
8026,IT_Nuclear,2030,9,19,20,0.0
8027,IT_Nuclear,2030,9,21,22,0.0
8028,IT_Nuclear,2030,9,23,24,0.0
8029,IT_Nuclear,2030,10,1,2,0.0
8030,IT_Nuclear,2030,10,3,4,0.0
8031,IT_Nuclear,2030,10,5,6,0.0
8032,IT_Nuclear,2030,10,7,8,0.0
8033,IT_Nuclear,2030,10,9,10,0.0
8034,IT_Nuclear,2030,10,11,12,0.0
8035,IT_Nuclear,2030,10,13,14,0.0
8036,IT_Nuclear,2030,10,15,16,0.0
8037,IT_Nuclear,2030,10,17,18,0.0
8038,IT_Nuclear,2030,10,19,20,0.0
8039,IT_Nuclear,2030,10,21,22,0.0
8040,IT_Nuclear,2030,10,23,24,0.0
8041,IT_OCGT,2030,1,1,2,0.0
8042,IT_OCGT,2030,1,3,4,0.0
8043,IT_OCGT,2030,1,5,6,0.0
8044,IT_OCGT,2030,1,7,8,0.0
8045,IT_OCGT,2030,1,9,10,0.0
8046,IT_OCGT,2030,1,11,12,0.0
8047,IT_OCGT,2030,1,13,14,0.0
8048,IT_OCGT,2030,1,15,16,0.0
8049,IT_OCGT,2030,1,17,18,0.0
8050,IT_OCGT,2030,1,19,20,0.0
8051,IT_OCGT,2030,1,21,22,0.0
8052,IT_OCGT,2030,1,23,24,0.0
8053,IT_OCGT,2030,2,1,2,0.0
8054,IT_OCGT,2030,2,3,4,0.0
8055,IT_OCGT,2030,2,5,6,0.0
8056,IT_OCGT,2030,2,7,8,0.0
8057,IT_OCGT,2030,2,9,10,0.0
8058,IT_OCGT,2030,2,11,12,0.0
8059,IT_OCGT,2030,2,13,14,0.0
8060,IT_OCGT,2030,2,15,16,0.0
8061,IT_OCGT,2030,2,17,18,0.0
8062,IT_OCGT,2030,2,19,20,0.0
8063,IT_OCGT,2030,2,21,22,0.0
8064,IT_OCGT,2030,2,23,24,0.0
8065,IT_OCGT,2030,3,1,2,0.0
8066,IT_OCGT,2030,3,3,4,0.0
8067,IT_OCGT,2030,3,5,6,0.0
8068,IT_OCGT,2030,3,7,8,0.0
8069,IT_OCGT,2030,3,9,10,0.0
8070,IT_OCGT,2030,3,11,12,0.0
8071,IT_OCGT,2030,3,13,14,0.0
8072,IT_OCGT,2030,3,15,16,0.0
8073,IT_OCGT,2030,3,17,18,0.0
8074,IT_OCGT,2030,3,19,20,0.0
8075,IT_OCGT,2030,3,21,22,0.0
8076,IT_OCGT,2030,3,23,24,0.0
8077,IT_OCGT,2030,4,1,2,0.0
8078,IT_OCGT,2030,4,3,4,0.0
8079,IT_OCGT,2030,4,5,6,0.0
8080,IT_OCGT,2030,4,7,8,0.0
8081,IT_OCGT,2030,4,9,10,0.0
8082,IT_OCGT,2030,4,11,12,0.0
8083,IT_OCGT,2030,4,13,14,0.0
8084,IT_OCGT,2030,4,15,16,0.0
8085,IT_OCGT,2030,4,17,18,0.0
8086,IT_OCGT,2030,4,19,20,-12.01609711699901
8087,IT_OCGT,2030,4,21,22,0.0
8088,IT_OCGT,2030,4,23,24,0.0
8089,IT_OCGT,2030,5,1,2,0.0
8090,IT_OCGT,2030,5,3,4,0.0
8091,IT_OCGT,2030,5,5,6,0.0
8092,IT_OCGT,2030,5,7,8,0.0
8093,IT_OCGT,2030,5,9,10,0.0
8094,IT_OCGT,2030,5,11,12,0.0
8095,IT_OCGT,2030,5,13,14,0.0
8096,IT_OCGT,2030,5,15,16,0.0
8097,IT_OCGT,2030,5,17,18,0.0
8098,IT_OCGT,2030,5,19,20,0.0
8099,IT_OCGT,2030,5,21,22,0.0
8100,IT_OCGT,2030,5,23,24,0.0
8101,IT_OCGT,2030,6,1,2,0.0
8102,IT_OCGT,2030,6,3,4,0.0
8103,IT_OCGT,2030,6,5,6,0.0
8104,IT_OCGT,2030,6,7,8,0.0
8105,IT_OCGT,2030,6,9,10,0.0
8106,IT_OCGT,2030,6,11,12,0.0
8107,IT_OCGT,2030,6,13,14,0.0
8108,IT_OCGT,2030,6,15,16,0.0
8109,IT_OCGT,2030,6,17,18,0.0
8110,IT_OCGT,2030,6,19,20,0.0
8111,IT_OCGT,2030,6,21,22,0.0
8112,IT_OCGT,2030,6,23,24,0.0
8113,IT_OCGT,2030,7,1,2,0.0
8114,IT_OCGT,2030,7,3,4,0.0
8115,IT_OCGT,2030,7,5,6,0.0
8116,IT_OCGT,2030,7,7,8,0.0
8117,IT_OCGT,2030,7,9,10,0.0
8118,IT_OCGT,2030,7,11,12,0.0
8119,IT_OCGT,2030,7,13,14,0.0
8120,IT_OCGT,2030,7,15,16,0.0
8121,IT_OCGT,2030,7,17,18,0.0
8122,IT_OCGT,2030,7,19,20,0.0
8123,IT_OCGT,2030,7,21,22,0.0
8124,IT_OCGT,2030,7,23,24,0.0
8125,IT_OCGT,2030,8,1,2,0.0
8126,IT_OCGT,2030,8,3,4,0.0
8127,IT_OCGT,2030,8,5,6,0.0
8128,IT_OCGT,2030,8,7,8,0.0
8129,IT_OCGT,2030,8,9,10,0.0
8130,IT_OCGT,2030,8,11,12,0.0
8131,IT_OCGT,2030,8,13,14,0.0
8132,IT_OCGT,2030,8,15,16,0.0
8133,IT_OCGT,2030,8,17,18,0.0
8134,IT_OCGT,2030,8,19,20,0.0
8135,IT_OCGT,2030,8,21,22,0.0
8136,IT_OCGT,2030,8,23,24,0.0
8137,IT_OCGT,2030,9,1,2,0.0
8138,IT_OCGT,2030,9,3,4,0.0
8139,IT_OCGT,2030,9,5,6,0.0
8140,IT_OCGT,2030,9,7,8,0.0
8141,IT_OCGT,2030,9,9,10,0.0
8142,IT_OCGT,2030,9,11,12,0.0
8143,IT_OCGT,2030,9,13,14,0.0
8144,IT_OCGT,2030,9,15,16,0.0
8145,IT_OCGT,2030,9,17,18,0.0
8146,IT_OCGT,2030,9,19,20,0.0
8147,IT_OCGT,2030,9,21,22,0.0
8148,IT_OCGT,2030,9,23,24,0.0
8149,IT_OCGT,2030,10,1,2,0.0
8150,IT_OCGT,2030,10,3,4,0.0
8151,IT_OCGT,2030,10,5,6,0.0
8152,IT_OCGT,2030,10,7,8,0.0
8153,IT_OCGT,2030,10,9,10,0.0
8154,IT_OCGT,2030,10,11,12,0.0
8155,IT_OCGT,2030,10,13,14,0.0
8156,IT_OCGT,2030,10,15,16,0.0
8157,IT_OCGT,2030,10,17,18,0.0
8158,IT_OCGT,2030,10,19,20,0.0
8159,IT_OCGT,2030,10,21,22,0.0
8160,IT_OCGT,2030,10,23,24,0.0
8161,LT_CCGT,2030,1,1,2,0.0
8162,LT_CCGT,2030,1,3,4,0.0
8163,LT_CCGT,2030,1,5,6,0.0
8164,LT_CCGT,2030,1,7,8,0.0
8165,LT_CCGT,2030,1,9,10,0.0
8166,LT_CCGT,2030,1,11,12,0.0
8167,LT_CCGT,2030,1,13,14,0.0
8168,LT_CCGT,2030,1,15,16,0.0
8169,LT_CCGT,2030,1,17,18,0.0
8170,LT_CCGT,2030,1,19,20,0.0
8171,LT_CCGT,2030,1,21,22,0.0
8172,LT_CCGT,2030,1,23,24,0.0
8173,LT_CCGT,2030,2,1,2,0.0
8174,LT_CCGT,2030,2,3,4,0.0
8175,LT_CCGT,2030,2,5,6,0.0
8176,LT_CCGT,2030,2,7,8,0.0
8177,LT_CCGT,2030,2,9,10,0.0
8178,LT_CCGT,2030,2,11,12,0.0
8179,LT_CCGT,2030,2,13,14,0.0
8180,LT_CCGT,2030,2,15,16,0.0
8181,LT_CCGT,2030,2,17,18,0.0
8182,LT_CCGT,2030,2,19,20,0.0
8183,LT_CCGT,2030,2,21,22,0.0
8184,LT_CCGT,2030,2,23,24,0.0
8185,LT_CCGT,2030,3,1,2,0.0
8186,LT_CCGT,2030,3,3,4,0.0
8187,LT_CCGT,2030,3,5,6,0.0
8188,LT_CCGT,2030,3,7,8,0.0
8189,LT_CCGT,2030,3,9,10,0.0
8190,LT_CCGT,2030,3,11,12,0.0
8191,LT_CCGT,2030,3,13,14,0.0
8192,LT_CCGT,2030,3,15,16,0.0
8193,LT_CCGT,2030,3,17,18,0.0
8194,LT_CCGT,2030,3,19,20,0.0
8195,LT_CCGT,2030,3,21,22,0.0
8196,LT_CCGT,2030,3,23,24,0.0
8197,LT_CCGT,2030,4,1,2,0.0
8198,LT_CCGT,2030,4,3,4,0.0
8199,LT_CCGT,2030,4,5,6,0.0
8200,LT_CCGT,2030,4,7,8,0.0
8201,LT_CCGT,2030,4,9,10,0.0
8202,LT_CCGT,2030,4,11,12,0.0
8203,LT_CCGT,2030,4,13,14,0.0
8204,LT_CCGT,2030,4,15,16,0.0
8205,LT_CCGT,2030,4,17,18,0.0
8206,LT_CCGT,2030,4,19,20,0.0
8207,LT_CCGT,2030,4,21,22,0.0
8208,LT_CCGT,2030,4,23,24,0.0
8209,LT_CCGT,2030,5,1,2,0.0
8210,LT_CCGT,2030,5,3,4,0.0
8211,LT_CCGT,2030,5,5,6,0.0
8212,LT_CCGT,2030,5,7,8,0.0
8213,LT_CCGT,2030,5,9,10,0.0
8214,LT_CCGT,2030,5,11,12,0.0
8215,LT_CCGT,2030,5,13,14,0.0
8216,LT_CCGT,2030,5,15,16,0.0
8217,LT_CCGT,2030,5,17,18,0.0
8218,LT_CCGT,2030,5,19,20,0.0
8219,LT_CCGT,2030,5,21,22,0.0
8220,LT_CCGT,2030,5,23,24,0.0
8221,LT_CCGT,2030,6,1,2,0.0
8222,LT_CCGT,2030,6,3,4,0.0
8223,LT_CCGT,2030,6,5,6,0.0
8224,LT_CCGT,2030,6,7,8,0.0
8225,LT_CCGT,2030,6,9,10,0.0
8226,LT_CCGT,2030,6,11,12,0.0
8227,LT_CCGT,2030,6,13,14,0.0
8228,LT_CCGT,2030,6,15,16,0.0
8229,LT_CCGT,2030,6,17,18,0.0
8230,LT_CCGT,2030,6,19,20,0.0
8231,LT_CCGT,2030,6,21,22,0.0
8232,LT_CCGT,2030,6,23,24,0.0
8233,LT_CCGT,2030,7,1,2,0.0
8234,LT_CCGT,2030,7,3,4,0.0
8235,LT_CCGT,2030,7,5,6,0.0
8236,LT_CCGT,2030,7,7,8,0.0
8237,LT_CCGT,2030,7,9,10,0.0
8238,LT_CCGT,2030,7,11,12,0.0
8239,LT_CCGT,2030,7,13,14,0.0
8240,LT_CCGT,2030,7,15,16,0.0
8241,LT_CCGT,2030,7,17,18,0.0
8242,LT_CCGT,2030,7,19,20,0.0
8243,LT_CCGT,2030,7,21,22,0.0
8244,LT_CCGT,2030,7,23,24,0.0
8245,LT_CCGT,2030,8,1,2,0.0
8246,LT_CCGT,2030,8,3,4,0.0
8247,LT_CCGT,2030,8,5,6,0.0
8248,LT_CCGT,2030,8,7,8,0.0
8249,LT_CCGT,2030,8,9,10,0.0
8250,LT_CCGT,2030,8,11,12,0.0
8251,LT_CCGT,2030,8,13,14,0.0
8252,LT_CCGT,2030,8,15,16,0.0
8253,LT_CCGT,2030,8,17,18,0.0
8254,LT_CCGT,2030,8,19,20,0.0
8255,LT_CCGT,2030,8,21,22,0.0
8256,LT_CCGT,2030,8,23,24,0.0
8257,LT_CCGT,2030,9,1,2,0.0
8258,LT_CCGT,2030,9,3,4,0.0
8259,LT_CCGT,2030,9,5,6,0.0
8260,LT_CCGT,2030,9,7,8,0.0
8261,LT_CCGT,2030,9,9,10,0.0
8262,LT_CCGT,2030,9,11,12,0.0
8263,LT_CCGT,2030,9,13,14,0.0
8264,LT_CCGT,2030,9,15,16,0.0
8265,LT_CCGT,2030,9,17,18,0.0
8266,LT_CCGT,2030,9,19,20,0.0
8267,LT_CCGT,2030,9,21,22,0.0
8268,LT_CCGT,2030,9,23,24,0.0
8269,LT_CCGT,2030,10,1,2,0.0
8270,LT_CCGT,2030,10,3,4,0.0
8271,LT_CCGT,2030,10,5,6,0.0
8272,LT_CCGT,2030,10,7,8,0.0
8273,LT_CCGT,2030,10,9,10,0.0
8274,LT_CCGT,2030,10,11,12,0.0
8275,LT_CCGT,2030,10,13,14,0.0
8276,LT_CCGT,2030,10,15,16,0.0
8277,LT_CCGT,2030,10,17,18,0.0
8278,LT_CCGT,2030,10,19,20,0.0
8279,LT_CCGT,2030,10,21,22,0.0
8280,LT_CCGT,2030,10,23,24,0.0
8281,LT_Coal,2030,1,1,2,0.0
8282,LT_Coal,2030,1,3,4,0.0
8283,LT_Coal,2030,1,5,6,0.0
8284,LT_Coal,2030,1,7,8,0.0
8285,LT_Coal,2030,1,9,10,0.0
8286,LT_Coal,2030,1,11,12,0.0
8287,LT_Coal,2030,1,13,14,0.0
8288,LT_Coal,2030,1,15,16,0.0
8289,LT_Coal,2030,1,17,18,0.0
8290,LT_Coal,2030,1,19,20,0.0
8291,LT_Coal,2030,1,21,22,0.0
8292,LT_Coal,2030,1,23,24,0.0
8293,LT_Coal,2030,2,1,2,0.0
8294,LT_Coal,2030,2,3,4,0.0
8295,LT_Coal,2030,2,5,6,0.0
8296,LT_Coal,2030,2,7,8,0.0
8297,LT_Coal,2030,2,9,10,0.0
8298,LT_Coal,2030,2,11,12,0.0
8299,LT_Coal,2030,2,13,14,0.0
8300,LT_Coal,2030,2,15,16,0.0
8301,LT_Coal,2030,2,17,18,0.0
8302,LT_Coal,2030,2,19,20,0.0
8303,LT_Coal,2030,2,21,22,0.0
8304,LT_Coal,2030,2,23,24,0.0
8305,LT_Coal,2030,3,1,2,0.0
8306,LT_Coal,2030,3,3,4,0.0
8307,LT_Coal,2030,3,5,6,0.0
8308,LT_Coal,2030,3,7,8,0.0
8309,LT_Coal,2030,3,9,10,0.0
8310,LT_Coal,2030,3,11,12,0.0
8311,LT_Coal,2030,3,13,14,0.0
8312,LT_Coal,2030,3,15,16,0.0
8313,LT_Coal,2030,3,17,18,0.0
8314,LT_Coal,2030,3,19,20,0.0
8315,LT_Coal,2030,3,21,22,0.0
8316,LT_Coal,2030,3,23,24,0.0
8317,LT_Coal,2030,4,1,2,0.0
8318,LT_Coal,2030,4,3,4,0.0
8319,LT_Coal,2030,4,5,6,0.0
8320,LT_Coal,2030,4,7,8,0.0
8321,LT_Coal,2030,4,9,10,0.0
8322,LT_Coal,2030,4,11,12,0.0
8323,LT_Coal,2030,4,13,14,0.0
8324,LT_Coal,2030,4,15,16,0.0
8325,LT_Coal,2030,4,17,18,0.0
8326,LT_Coal,2030,4,19,20,0.0
8327,LT_Coal,2030,4,21,22,0.0
8328,LT_Coal,2030,4,23,24,0.0
8329,LT_Coal,2030,5,1,2,0.0
8330,LT_Coal,2030,5,3,4,0.0
8331,LT_Coal,2030,5,5,6,0.0
8332,LT_Coal,2030,5,7,8,0.0
8333,LT_Coal,2030,5,9,10,0.0
8334,LT_Coal,2030,5,11,12,0.0
8335,LT_Coal,2030,5,13,14,0.0
8336,LT_Coal,2030,5,15,16,0.0
8337,LT_Coal,2030,5,17,18,0.0
8338,LT_Coal,2030,5,19,20,0.0
8339,LT_Coal,2030,5,21,22,0.0
8340,LT_Coal,2030,5,23,24,0.0
8341,LT_Coal,2030,6,1,2,0.0
8342,LT_Coal,2030,6,3,4,0.0
8343,LT_Coal,2030,6,5,6,0.0
8344,LT_Coal,2030,6,7,8,0.0
8345,LT_Coal,2030,6,9,10,0.0
8346,LT_Coal,2030,6,11,12,0.0
8347,LT_Coal,2030,6,13,14,0.0
8348,LT_Coal,2030,6,15,16,0.0
8349,LT_Coal,2030,6,17,18,0.0
8350,LT_Coal,2030,6,19,20,0.0
8351,LT_Coal,2030,6,21,22,0.0
8352,LT_Coal,2030,6,23,24,0.0
8353,LT_Coal,2030,7,1,2,0.0
8354,LT_Coal,2030,7,3,4,0.0
8355,LT_Coal,2030,7,5,6,0.0
8356,LT_Coal,2030,7,7,8,0.0
8357,LT_Coal,2030,7,9,10,0.0
8358,LT_Coal,2030,7,11,12,0.0
8359,LT_Coal,2030,7,13,14,0.0
8360,LT_Coal,2030,7,15,16,0.0
8361,LT_Coal,2030,7,17,18,0.0
8362,LT_Coal,2030,7,19,20,0.0
8363,LT_Coal,2030,7,21,22,0.0
8364,LT_Coal,2030,7,23,24,0.0
8365,LT_Coal,2030,8,1,2,0.0
8366,LT_Coal,2030,8,3,4,0.0
8367,LT_Coal,2030,8,5,6,0.0
8368,LT_Coal,2030,8,7,8,0.0
8369,LT_Coal,2030,8,9,10,0.0
8370,LT_Coal,2030,8,11,12,0.0
8371,LT_Coal,2030,8,13,14,0.0
8372,LT_Coal,2030,8,15,16,0.0
8373,LT_Coal,2030,8,17,18,0.0
8374,LT_Coal,2030,8,19,20,0.0
8375,LT_Coal,2030,8,21,22,0.0
8376,LT_Coal,2030,8,23,24,0.0
8377,LT_Coal,2030,9,1,2,0.0
8378,LT_Coal,2030,9,3,4,0.0
8379,LT_Coal,2030,9,5,6,0.0
8380,LT_Coal,2030,9,7,8,0.0
8381,LT_Coal,2030,9,9,10,0.0
8382,LT_Coal,2030,9,11,12,0.0
8383,LT_Coal,2030,9,13,14,0.0
8384,LT_Coal,2030,9,15,16,0.0
8385,LT_Coal,2030,9,17,18,0.0
8386,LT_Coal,2030,9,19,20,0.0
8387,LT_Coal,2030,9,21,22,0.0
8388,LT_Coal,2030,9,23,24,0.0
8389,LT_Coal,2030,10,1,2,0.0
8390,LT_Coal,2030,10,3,4,0.0
8391,LT_Coal,2030,10,5,6,0.0
8392,LT_Coal,2030,10,7,8,0.0
8393,LT_Coal,2030,10,9,10,0.0
8394,LT_Coal,2030,10,11,12,0.0
8395,LT_Coal,2030,10,13,14,0.0
8396,LT_Coal,2030,10,15,16,0.0
8397,LT_Coal,2030,10,17,18,0.0
8398,LT_Coal,2030,10,19,20,0.0
8399,LT_Coal,2030,10,21,22,0.0
8400,LT_Coal,2030,10,23,24,0.0
8401,LT_Nuclear,2030,1,1,2,0.0
8402,LT_Nuclear,2030,1,3,4,0.0
8403,LT_Nuclear,2030,1,5,6,0.0
8404,LT_Nuclear,2030,1,7,8,0.0
8405,LT_Nuclear,2030,1,9,10,0.0
8406,LT_Nuclear,2030,1,11,12,0.0
8407,LT_Nuclear,2030,1,13,14,0.0
8408,LT_Nuclear,2030,1,15,16,0.0
8409,LT_Nuclear,2030,1,17,18,0.0
8410,LT_Nuclear,2030,1,19,20,0.0
8411,LT_Nuclear,2030,1,21,22,0.0
8412,LT_Nuclear,2030,1,23,24,0.0
8413,LT_Nuclear,2030,2,1,2,0.0
8414,LT_Nuclear,2030,2,3,4,0.0
8415,LT_Nuclear,2030,2,5,6,0.0
8416,LT_Nuclear,2030,2,7,8,0.0
8417,LT_Nuclear,2030,2,9,10,0.0
8418,LT_Nuclear,2030,2,11,12,0.0
8419,LT_Nuclear,2030,2,13,14,0.0
8420,LT_Nuclear,2030,2,15,16,0.0
8421,LT_Nuclear,2030,2,17,18,0.0
8422,LT_Nuclear,2030,2,19,20,0.0
8423,LT_Nuclear,2030,2,21,22,0.0
8424,LT_Nuclear,2030,2,23,24,0.0
8425,LT_Nuclear,2030,3,1,2,0.0
8426,LT_Nuclear,2030,3,3,4,0.0
8427,LT_Nuclear,2030,3,5,6,0.0
8428,LT_Nuclear,2030,3,7,8,0.0
8429,LT_Nuclear,2030,3,9,10,0.0
8430,LT_Nuclear,2030,3,11,12,0.0
8431,LT_Nuclear,2030,3,13,14,0.0
8432,LT_Nuclear,2030,3,15,16,0.0
8433,LT_Nuclear,2030,3,17,18,0.0
8434,LT_Nuclear,2030,3,19,20,0.0
8435,LT_Nuclear,2030,3,21,22,0.0
8436,LT_Nuclear,2030,3,23,24,0.0
8437,LT_Nuclear,2030,4,1,2,0.0
8438,LT_Nuclear,2030,4,3,4,0.0
8439,LT_Nuclear,2030,4,5,6,0.0
8440,LT_Nuclear,2030,4,7,8,0.0
8441,LT_Nuclear,2030,4,9,10,0.0
8442,LT_Nuclear,2030,4,11,12,0.0
8443,LT_Nuclear,2030,4,13,14,0.0
8444,LT_Nuclear,2030,4,15,16,0.0
8445,LT_Nuclear,2030,4,17,18,0.0
8446,LT_Nuclear,2030,4,19,20,0.0
8447,LT_Nuclear,2030,4,21,22,0.0
8448,LT_Nuclear,2030,4,23,24,0.0
8449,LT_Nuclear,2030,5,1,2,0.0
8450,LT_Nuclear,2030,5,3,4,0.0
8451,LT_Nuclear,2030,5,5,6,0.0
8452,LT_Nuclear,2030,5,7,8,0.0
8453,LT_Nuclear,2030,5,9,10,0.0
8454,LT_Nuclear,2030,5,11,12,0.0
8455,LT_Nuclear,2030,5,13,14,0.0
8456,LT_Nuclear,2030,5,15,16,0.0
8457,LT_Nuclear,2030,5,17,18,0.0
8458,LT_Nuclear,2030,5,19,20,0.0
8459,LT_Nuclear,2030,5,21,22,0.0
8460,LT_Nuclear,2030,5,23,24,0.0
8461,LT_Nuclear,2030,6,1,2,0.0
8462,LT_Nuclear,2030,6,3,4,0.0
8463,LT_Nuclear,2030,6,5,6,0.0
8464,LT_Nuclear,2030,6,7,8,0.0
8465,LT_Nuclear,2030,6,9,10,0.0
8466,LT_Nuclear,2030,6,11,12,0.0
8467,LT_Nuclear,2030,6,13,14,0.0
8468,LT_Nuclear,2030,6,15,16,0.0
8469,LT_Nuclear,2030,6,17,18,0.0
8470,LT_Nuclear,2030,6,19,20,0.0
8471,LT_Nuclear,2030,6,21,22,0.0
8472,LT_Nuclear,2030,6,23,24,0.0
8473,LT_Nuclear,2030,7,1,2,0.0
8474,LT_Nuclear,2030,7,3,4,0.0
8475,LT_Nuclear,2030,7,5,6,0.0
8476,LT_Nuclear,2030,7,7,8,0.0
8477,LT_Nuclear,2030,7,9,10,0.0
8478,LT_Nuclear,2030,7,11,12,0.0
8479,LT_Nuclear,2030,7,13,14,0.0
8480,LT_Nuclear,2030,7,15,16,0.0
8481,LT_Nuclear,2030,7,17,18,0.0
8482,LT_Nuclear,2030,7,19,20,0.0
8483,LT_Nuclear,2030,7,21,22,0.0
8484,LT_Nuclear,2030,7,23,24,0.0
8485,LT_Nuclear,2030,8,1,2,0.0
8486,LT_Nuclear,2030,8,3,4,0.0
8487,LT_Nuclear,2030,8,5,6,0.0
8488,LT_Nuclear,2030,8,7,8,0.0
8489,LT_Nuclear,2030,8,9,10,0.0
8490,LT_Nuclear,2030,8,11,12,0.0
8491,LT_Nuclear,2030,8,13,14,0.0
8492,LT_Nuclear,2030,8,15,16,0.0
8493,LT_Nuclear,2030,8,17,18,0.0
8494,LT_Nuclear,2030,8,19,20,0.0
8495,LT_Nuclear,2030,8,21,22,0.0
8496,LT_Nuclear,2030,8,23,24,0.0
8497,LT_Nuclear,2030,9,1,2,0.0
8498,LT_Nuclear,2030,9,3,4,0.0
8499,LT_Nuclear,2030,9,5,6,0.0
8500,LT_Nuclear,2030,9,7,8,0.0
8501,LT_Nuclear,2030,9,9,10,0.0
8502,LT_Nuclear,2030,9,11,12,0.0
8503,LT_Nuclear,2030,9,13,14,0.0
8504,LT_Nuclear,2030,9,15,16,0.0
8505,LT_Nuclear,2030,9,17,18,0.0
8506,LT_Nuclear,2030,9,19,20,0.0
8507,LT_Nuclear,2030,9,21,22,0.0
8508,LT_Nuclear,2030,9,23,24,0.0
8509,LT_Nuclear,2030,10,1,2,0.0
8510,LT_Nuclear,2030,10,3,4,0.0
8511,LT_Nuclear,2030,10,5,6,0.0
8512,LT_Nuclear,2030,10,7,8,0.0
8513,LT_Nuclear,2030,10,9,10,0.0
8514,LT_Nuclear,2030,10,11,12,0.0
8515,LT_Nuclear,2030,10,13,14,0.0
8516,LT_Nuclear,2030,10,15,16,0.0
8517,LT_Nuclear,2030,10,17,18,0.0
8518,LT_Nuclear,2030,10,19,20,0.0
8519,LT_Nuclear,2030,10,21,22,0.0
8520,LT_Nuclear,2030,10,23,24,0.0
8521,LT_OCGT,2030,1,1,2,0.0
8522,LT_OCGT,2030,1,3,4,0.0
8523,LT_OCGT,2030,1,5,6,0.0
8524,LT_OCGT,2030,1,7,8,0.0
8525,LT_OCGT,2030,1,9,10,0.0
8526,LT_OCGT,2030,1,11,12,0.0
8527,LT_OCGT,2030,1,13,14,0.0
8528,LT_OCGT,2030,1,15,16,0.0
8529,LT_OCGT,2030,1,17,18,0.0
8530,LT_OCGT,2030,1,19,20,0.0
8531,LT_OCGT,2030,1,21,22,0.0
8532,LT_OCGT,2030,1,23,24,0.0
8533,LT_OCGT,2030,2,1,2,0.0
8534,LT_OCGT,2030,2,3,4,0.0
8535,LT_OCGT,2030,2,5,6,0.0
8536,LT_OCGT,2030,2,7,8,0.0
8537,LT_OCGT,2030,2,9,10,0.0
8538,LT_OCGT,2030,2,11,12,0.0
8539,LT_OCGT,2030,2,13,14,0.0
8540,LT_OCGT,2030,2,15,16,0.0
8541,LT_OCGT,2030,2,17,18,0.0
8542,LT_OCGT,2030,2,19,20,0.0
8543,LT_OCGT,2030,2,21,22,0.0
8544,LT_OCGT,2030,2,23,24,0.0
8545,LT_OCGT,2030,3,1,2,0.0
8546,LT_OCGT,2030,3,3,4,0.0
8547,LT_OCGT,2030,3,5,6,0.0
8548,LT_OCGT,2030,3,7,8,0.0
8549,LT_OCGT,2030,3,9,10,0.0
8550,LT_OCGT,2030,3,11,12,0.0
8551,LT_OCGT,2030,3,13,14,0.0
8552,LT_OCGT,2030,3,15,16,0.0
8553,LT_OCGT,2030,3,17,18,0.0
8554,LT_OCGT,2030,3,19,20,0.0
8555,LT_OCGT,2030,3,21,22,0.0
8556,LT_OCGT,2030,3,23,24,0.0
8557,LT_OCGT,2030,4,1,2,0.0
8558,LT_OCGT,2030,4,3,4,0.0
8559,LT_OCGT,2030,4,5,6,0.0
8560,LT_OCGT,2030,4,7,8,0.0
8561,LT_OCGT,2030,4,9,10,0.0
8562,LT_OCGT,2030,4,11,12,0.0
8563,LT_OCGT,2030,4,13,14,0.0
8564,LT_OCGT,2030,4,15,16,0.0
8565,LT_OCGT,2030,4,17,18,0.0
8566,LT_OCGT,2030,4,19,20,0.0
8567,LT_OCGT,2030,4,21,22,0.0
8568,LT_OCGT,2030,4,23,24,0.0
8569,LT_OCGT,2030,5,1,2,0.0
8570,LT_OCGT,2030,5,3,4,0.0
8571,LT_OCGT,2030,5,5,6,0.0
8572,LT_OCGT,2030,5,7,8,0.0
8573,LT_OCGT,2030,5,9,10,0.0
8574,LT_OCGT,2030,5,11,12,0.0
8575,LT_OCGT,2030,5,13,14,0.0
8576,LT_OCGT,2030,5,15,16,0.0
8577,LT_OCGT,2030,5,17,18,0.0
8578,LT_OCGT,2030,5,19,20,0.0
8579,LT_OCGT,2030,5,21,22,0.0
8580,LT_OCGT,2030,5,23,24,0.0
8581,LT_OCGT,2030,6,1,2,0.0
8582,LT_OCGT,2030,6,3,4,0.0
8583,LT_OCGT,2030,6,5,6,0.0
8584,LT_OCGT,2030,6,7,8,0.0
8585,LT_OCGT,2030,6,9,10,0.0
8586,LT_OCGT,2030,6,11,12,0.0
8587,LT_OCGT,2030,6,13,14,0.0
8588,LT_OCGT,2030,6,15,16,0.0
8589,LT_OCGT,2030,6,17,18,0.0
8590,LT_OCGT,2030,6,19,20,0.0
8591,LT_OCGT,2030,6,21,22,0.0
8592,LT_OCGT,2030,6,23,24,0.0
8593,LT_OCGT,2030,7,1,2,0.0
8594,LT_OCGT,2030,7,3,4,0.0
8595,LT_OCGT,2030,7,5,6,0.0
8596,LT_OCGT,2030,7,7,8,0.0
8597,LT_OCGT,2030,7,9,10,0.0
8598,LT_OCGT,2030,7,11,12,0.0
8599,LT_OCGT,2030,7,13,14,0.0
8600,LT_OCGT,2030,7,15,16,0.0
8601,LT_OCGT,2030,7,17,18,0.0
8602,LT_OCGT,2030,7,19,20,0.0
8603,LT_OCGT,2030,7,21,22,0.0
8604,LT_OCGT,2030,7,23,24,0.0
8605,LT_OCGT,2030,8,1,2,0.0
8606,LT_OCGT,2030,8,3,4,0.0
8607,LT_OCGT,2030,8,5,6,0.0
8608,LT_OCGT,2030,8,7,8,0.0
8609,LT_OCGT,2030,8,9,10,0.0
8610,LT_OCGT,2030,8,11,12,0.0
8611,LT_OCGT,2030,8,13,14,0.0
8612,LT_OCGT,2030,8,15,16,0.0
8613,LT_OCGT,2030,8,17,18,0.0
8614,LT_OCGT,2030,8,19,20,0.0
8615,LT_OCGT,2030,8,21,22,0.0
8616,LT_OCGT,2030,8,23,24,0.0
8617,LT_OCGT,2030,9,1,2,0.0
8618,LT_OCGT,2030,9,3,4,0.0
8619,LT_OCGT,2030,9,5,6,0.0
8620,LT_OCGT,2030,9,7,8,0.0
8621,LT_OCGT,2030,9,9,10,0.0
8622,LT_OCGT,2030,9,11,12,0.0
8623,LT_OCGT,2030,9,13,14,0.0
8624,LT_OCGT,2030,9,15,16,0.0
8625,LT_OCGT,2030,9,17,18,0.0
8626,LT_OCGT,2030,9,19,20,0.0
8627,LT_OCGT,2030,9,21,22,0.0
8628,LT_OCGT,2030,9,23,24,0.0
8629,LT_OCGT,2030,10,1,2,0.0
8630,LT_OCGT,2030,10,3,4,0.0
8631,LT_OCGT,2030,10,5,6,0.0
8632,LT_OCGT,2030,10,7,8,0.0
8633,LT_OCGT,2030,10,9,10,0.0
8634,LT_OCGT,2030,10,11,12,0.0
8635,LT_OCGT,2030,10,13,14,0.0
8636,LT_OCGT,2030,10,15,16,0.0
8637,LT_OCGT,2030,10,17,18,0.0
8638,LT_OCGT,2030,10,19,20,0.0
8639,LT_OCGT,2030,10,21,22,0.0
8640,LT_OCGT,2030,10,23,24,0.0
8641,LU_CCGT,2030,1,1,2,0.0
8642,LU_CCGT,2030,1,3,4,0.0
8643,LU_CCGT,2030,1,5,6,0.0
8644,LU_CCGT,2030,1,7,8,0.0
8645,LU_CCGT,2030,1,9,10,0.0
8646,LU_CCGT,2030,1,11,12,0.0
8647,LU_CCGT,2030,1,13,14,0.0
8648,LU_CCGT,2030,1,15,16,0.0
8649,LU_CCGT,2030,1,17,18,0.0
8650,LU_CCGT,2030,1,19,20,0.0
8651,LU_CCGT,2030,1,21,22,0.0
8652,LU_CCGT,2030,1,23,24,0.0
8653,LU_CCGT,2030,2,1,2,0.0
8654,LU_CCGT,2030,2,3,4,0.0
8655,LU_CCGT,2030,2,5,6,0.0
8656,LU_CCGT,2030,2,7,8,0.0
8657,LU_CCGT,2030,2,9,10,0.0
8658,LU_CCGT,2030,2,11,12,0.0
8659,LU_CCGT,2030,2,13,14,0.0
8660,LU_CCGT,2030,2,15,16,0.0
8661,LU_CCGT,2030,2,17,18,0.0
8662,LU_CCGT,2030,2,19,20,0.0
8663,LU_CCGT,2030,2,21,22,0.0
8664,LU_CCGT,2030,2,23,24,0.0
8665,LU_CCGT,2030,3,1,2,0.0
8666,LU_CCGT,2030,3,3,4,0.0
8667,LU_CCGT,2030,3,5,6,0.0
8668,LU_CCGT,2030,3,7,8,0.0
8669,LU_CCGT,2030,3,9,10,0.0
8670,LU_CCGT,2030,3,11,12,0.0
8671,LU_CCGT,2030,3,13,14,0.0
8672,LU_CCGT,2030,3,15,16,0.0
8673,LU_CCGT,2030,3,17,18,0.0
8674,LU_CCGT,2030,3,19,20,0.0
8675,LU_CCGT,2030,3,21,22,0.0
8676,LU_CCGT,2030,3,23,24,0.0
8677,LU_CCGT,2030,4,1,2,0.0
8678,LU_CCGT,2030,4,3,4,0.0
8679,LU_CCGT,2030,4,5,6,0.0
8680,LU_CCGT,2030,4,7,8,0.0
8681,LU_CCGT,2030,4,9,10,0.0
8682,LU_CCGT,2030,4,11,12,0.0
8683,LU_CCGT,2030,4,13,14,0.0
8684,LU_CCGT,2030,4,15,16,0.0
8685,LU_CCGT,2030,4,17,18,0.0
8686,LU_CCGT,2030,4,19,20,0.0
8687,LU_CCGT,2030,4,21,22,0.0
8688,LU_CCGT,2030,4,23,24,0.0
8689,LU_CCGT,2030,5,1,2,0.0
8690,LU_CCGT,2030,5,3,4,0.0
8691,LU_CCGT,2030,5,5,6,0.0
8692,LU_CCGT,2030,5,7,8,0.0
8693,LU_CCGT,2030,5,9,10,0.0
8694,LU_CCGT,2030,5,11,12,0.0
8695,LU_CCGT,2030,5,13,14,0.0
8696,LU_CCGT,2030,5,15,16,0.0
8697,LU_CCGT,2030,5,17,18,0.0
8698,LU_CCGT,2030,5,19,20,0.0
8699,LU_CCGT,2030,5,21,22,0.0
8700,LU_CCGT,2030,5,23,24,0.0
8701,LU_CCGT,2030,6,1,2,0.0
8702,LU_CCGT,2030,6,3,4,0.0
8703,LU_CCGT,2030,6,5,6,0.0
8704,LU_CCGT,2030,6,7,8,0.0
8705,LU_CCGT,2030,6,9,10,0.0
8706,LU_CCGT,2030,6,11,12,0.0
8707,LU_CCGT,2030,6,13,14,0.0
8708,LU_CCGT,2030,6,15,16,0.0
8709,LU_CCGT,2030,6,17,18,0.0
8710,LU_CCGT,2030,6,19,20,0.0
8711,LU_CCGT,2030,6,21,22,0.0
8712,LU_CCGT,2030,6,23,24,0.0
8713,LU_CCGT,2030,7,1,2,0.0
8714,LU_CCGT,2030,7,3,4,0.0
8715,LU_CCGT,2030,7,5,6,0.0
8716,LU_CCGT,2030,7,7,8,0.0
8717,LU_CCGT,2030,7,9,10,0.0
8718,LU_CCGT,2030,7,11,12,0.0
8719,LU_CCGT,2030,7,13,14,0.0
8720,LU_CCGT,2030,7,15,16,0.0
8721,LU_CCGT,2030,7,17,18,0.0
8722,LU_CCGT,2030,7,19,20,0.0
8723,LU_CCGT,2030,7,21,22,0.0
8724,LU_CCGT,2030,7,23,24,0.0
8725,LU_CCGT,2030,8,1,2,0.0
8726,LU_CCGT,2030,8,3,4,0.0
8727,LU_CCGT,2030,8,5,6,0.0
8728,LU_CCGT,2030,8,7,8,0.0
8729,LU_CCGT,2030,8,9,10,0.0
8730,LU_CCGT,2030,8,11,12,0.0
8731,LU_CCGT,2030,8,13,14,0.0
8732,LU_CCGT,2030,8,15,16,0.0
8733,LU_CCGT,2030,8,17,18,0.0
8734,LU_CCGT,2030,8,19,20,0.0
8735,LU_CCGT,2030,8,21,22,0.0
8736,LU_CCGT,2030,8,23,24,0.0
8737,LU_CCGT,2030,9,1,2,0.0
8738,LU_CCGT,2030,9,3,4,0.0
8739,LU_CCGT,2030,9,5,6,0.0
8740,LU_CCGT,2030,9,7,8,0.0
8741,LU_CCGT,2030,9,9,10,0.0
8742,LU_CCGT,2030,9,11,12,0.0
8743,LU_CCGT,2030,9,13,14,0.0
8744,LU_CCGT,2030,9,15,16,0.0
8745,LU_CCGT,2030,9,17,18,0.0
8746,LU_CCGT,2030,9,19,20,0.0
8747,LU_CCGT,2030,9,21,22,0.0
8748,LU_CCGT,2030,9,23,24,0.0
8749,LU_CCGT,2030,10,1,2,0.0
8750,LU_CCGT,2030,10,3,4,0.0
8751,LU_CCGT,2030,10,5,6,0.0
8752,LU_CCGT,2030,10,7,8,0.0
8753,LU_CCGT,2030,10,9,10,0.0
8754,LU_CCGT,2030,10,11,12,0.0
8755,LU_CCGT,2030,10,13,14,0.0
8756,LU_CCGT,2030,10,15,16,0.0
8757,LU_CCGT,2030,10,17,18,0.0
8758,LU_CCGT,2030,10,19,20,0.0
8759,LU_CCGT,2030,10,21,22,0.0
8760,LU_CCGT,2030,10,23,24,0.0
8761,LU_Coal,2030,1,1,2,0.0
8762,LU_Coal,2030,1,3,4,0.0
8763,LU_Coal,2030,1,5,6,0.0
8764,LU_Coal,2030,1,7,8,0.0
8765,LU_Coal,2030,1,9,10,0.0
8766,LU_Coal,2030,1,11,12,0.0
8767,LU_Coal,2030,1,13,14,0.0
8768,LU_Coal,2030,1,15,16,0.0
8769,LU_Coal,2030,1,17,18,0.0
8770,LU_Coal,2030,1,19,20,0.0
8771,LU_Coal,2030,1,21,22,0.0
8772,LU_Coal,2030,1,23,24,0.0
8773,LU_Coal,2030,2,1,2,0.0
8774,LU_Coal,2030,2,3,4,0.0
8775,LU_Coal,2030,2,5,6,0.0
8776,LU_Coal,2030,2,7,8,0.0
8777,LU_Coal,2030,2,9,10,0.0
8778,LU_Coal,2030,2,11,12,0.0
8779,LU_Coal,2030,2,13,14,0.0
8780,LU_Coal,2030,2,15,16,0.0
8781,LU_Coal,2030,2,17,18,0.0
8782,LU_Coal,2030,2,19,20,0.0
8783,LU_Coal,2030,2,21,22,0.0
8784,LU_Coal,2030,2,23,24,0.0
8785,LU_Coal,2030,3,1,2,0.0
8786,LU_Coal,2030,3,3,4,0.0
8787,LU_Coal,2030,3,5,6,0.0
8788,LU_Coal,2030,3,7,8,0.0
8789,LU_Coal,2030,3,9,10,0.0
8790,LU_Coal,2030,3,11,12,0.0
8791,LU_Coal,2030,3,13,14,0.0
8792,LU_Coal,2030,3,15,16,0.0
8793,LU_Coal,2030,3,17,18,0.0
8794,LU_Coal,2030,3,19,20,0.0
8795,LU_Coal,2030,3,21,22,0.0
8796,LU_Coal,2030,3,23,24,0.0
8797,LU_Coal,2030,4,1,2,0.0
8798,LU_Coal,2030,4,3,4,0.0
8799,LU_Coal,2030,4,5,6,0.0
8800,LU_Coal,2030,4,7,8,0.0
8801,LU_Coal,2030,4,9,10,0.0
8802,LU_Coal,2030,4,11,12,0.0
8803,LU_Coal,2030,4,13,14,0.0
8804,LU_Coal,2030,4,15,16,0.0
8805,LU_Coal,2030,4,17,18,0.0
8806,LU_Coal,2030,4,19,20,0.0
8807,LU_Coal,2030,4,21,22,0.0
8808,LU_Coal,2030,4,23,24,0.0
8809,LU_Coal,2030,5,1,2,0.0
8810,LU_Coal,2030,5,3,4,0.0
8811,LU_Coal,2030,5,5,6,0.0
8812,LU_Coal,2030,5,7,8,0.0
8813,LU_Coal,2030,5,9,10,0.0
8814,LU_Coal,2030,5,11,12,0.0
8815,LU_Coal,2030,5,13,14,0.0
8816,LU_Coal,2030,5,15,16,0.0
8817,LU_Coal,2030,5,17,18,0.0
8818,LU_Coal,2030,5,19,20,0.0
8819,LU_Coal,2030,5,21,22,0.0
8820,LU_Coal,2030,5,23,24,0.0
8821,LU_Coal,2030,6,1,2,0.0
8822,LU_Coal,2030,6,3,4,0.0
8823,LU_Coal,2030,6,5,6,0.0
8824,LU_Coal,2030,6,7,8,0.0
8825,LU_Coal,2030,6,9,10,0.0
8826,LU_Coal,2030,6,11,12,0.0
8827,LU_Coal,2030,6,13,14,0.0
8828,LU_Coal,2030,6,15,16,0.0
8829,LU_Coal,2030,6,17,18,0.0
8830,LU_Coal,2030,6,19,20,0.0
8831,LU_Coal,2030,6,21,22,0.0
8832,LU_Coal,2030,6,23,24,0.0
8833,LU_Coal,2030,7,1,2,0.0
8834,LU_Coal,2030,7,3,4,0.0
8835,LU_Coal,2030,7,5,6,0.0
8836,LU_Coal,2030,7,7,8,0.0
8837,LU_Coal,2030,7,9,10,0.0
8838,LU_Coal,2030,7,11,12,0.0
8839,LU_Coal,2030,7,13,14,0.0
8840,LU_Coal,2030,7,15,16,0.0
8841,LU_Coal,2030,7,17,18,0.0
8842,LU_Coal,2030,7,19,20,0.0
8843,LU_Coal,2030,7,21,22,0.0
8844,LU_Coal,2030,7,23,24,0.0
8845,LU_Coal,2030,8,1,2,0.0
8846,LU_Coal,2030,8,3,4,0.0
8847,LU_Coal,2030,8,5,6,0.0
8848,LU_Coal,2030,8,7,8,0.0
8849,LU_Coal,2030,8,9,10,0.0
8850,LU_Coal,2030,8,11,12,0.0
8851,LU_Coal,2030,8,13,14,0.0
8852,LU_Coal,2030,8,15,16,0.0
8853,LU_Coal,2030,8,17,18,0.0
8854,LU_Coal,2030,8,19,20,0.0
8855,LU_Coal,2030,8,21,22,0.0
8856,LU_Coal,2030,8,23,24,0.0
8857,LU_Coal,2030,9,1,2,0.0
8858,LU_Coal,2030,9,3,4,0.0
8859,LU_Coal,2030,9,5,6,0.0
8860,LU_Coal,2030,9,7,8,0.0
8861,LU_Coal,2030,9,9,10,0.0
8862,LU_Coal,2030,9,11,12,0.0
8863,LU_Coal,2030,9,13,14,0.0
8864,LU_Coal,2030,9,15,16,0.0
8865,LU_Coal,2030,9,17,18,0.0
8866,LU_Coal,2030,9,19,20,0.0
8867,LU_Coal,2030,9,21,22,0.0
8868,LU_Coal,2030,9,23,24,0.0
8869,LU_Coal,2030,10,1,2,0.0
8870,LU_Coal,2030,10,3,4,0.0
8871,LU_Coal,2030,10,5,6,0.0
8872,LU_Coal,2030,10,7,8,0.0
8873,LU_Coal,2030,10,9,10,0.0
8874,LU_Coal,2030,10,11,12,0.0
8875,LU_Coal,2030,10,13,14,0.0
8876,LU_Coal,2030,10,15,16,0.0
8877,LU_Coal,2030,10,17,18,0.0
8878,LU_Coal,2030,10,19,20,0.0
8879,LU_Coal,2030,10,21,22,0.0
8880,LU_Coal,2030,10,23,24,0.0
8881,LU_Nuclear,2030,1,1,2,0.0
8882,LU_Nuclear,2030,1,3,4,0.0
8883,LU_Nuclear,2030,1,5,6,0.0
8884,LU_Nuclear,2030,1,7,8,0.0
8885,LU_Nuclear,2030,1,9,10,0.0
8886,LU_Nuclear,2030,1,11,12,0.0
8887,LU_Nuclear,2030,1,13,14,0.0
8888,LU_Nuclear,2030,1,15,16,0.0
8889,LU_Nuclear,2030,1,17,18,0.0
8890,LU_Nuclear,2030,1,19,20,0.0
8891,LU_Nuclear,2030,1,21,22,0.0
8892,LU_Nuclear,2030,1,23,24,0.0
8893,LU_Nuclear,2030,2,1,2,0.0
8894,LU_Nuclear,2030,2,3,4,0.0
8895,LU_Nuclear,2030,2,5,6,0.0
8896,LU_Nuclear,2030,2,7,8,0.0
8897,LU_Nuclear,2030,2,9,10,0.0
8898,LU_Nuclear,2030,2,11,12,0.0
8899,LU_Nuclear,2030,2,13,14,0.0
8900,LU_Nuclear,2030,2,15,16,0.0
8901,LU_Nuclear,2030,2,17,18,0.0
8902,LU_Nuclear,2030,2,19,20,0.0
8903,LU_Nuclear,2030,2,21,22,0.0
8904,LU_Nuclear,2030,2,23,24,0.0
8905,LU_Nuclear,2030,3,1,2,0.0
8906,LU_Nuclear,2030,3,3,4,0.0
8907,LU_Nuclear,2030,3,5,6,0.0
8908,LU_Nuclear,2030,3,7,8,0.0
8909,LU_Nuclear,2030,3,9,10,0.0
8910,LU_Nuclear,2030,3,11,12,0.0
8911,LU_Nuclear,2030,3,13,14,0.0
8912,LU_Nuclear,2030,3,15,16,0.0
8913,LU_Nuclear,2030,3,17,18,0.0
8914,LU_Nuclear,2030,3,19,20,0.0
8915,LU_Nuclear,2030,3,21,22,0.0
8916,LU_Nuclear,2030,3,23,24,0.0
8917,LU_Nuclear,2030,4,1,2,0.0
8918,LU_Nuclear,2030,4,3,4,0.0
8919,LU_Nuclear,2030,4,5,6,0.0
8920,LU_Nuclear,2030,4,7,8,0.0
8921,LU_Nuclear,2030,4,9,10,0.0
8922,LU_Nuclear,2030,4,11,12,0.0
8923,LU_Nuclear,2030,4,13,14,0.0
8924,LU_Nuclear,2030,4,15,16,0.0
8925,LU_Nuclear,2030,4,17,18,0.0
8926,LU_Nuclear,2030,4,19,20,0.0
8927,LU_Nuclear,2030,4,21,22,0.0
8928,LU_Nuclear,2030,4,23,24,0.0
8929,LU_Nuclear,2030,5,1,2,0.0
8930,LU_Nuclear,2030,5,3,4,0.0
8931,LU_Nuclear,2030,5,5,6,0.0
8932,LU_Nuclear,2030,5,7,8,0.0
8933,LU_Nuclear,2030,5,9,10,0.0
8934,LU_Nuclear,2030,5,11,12,0.0
8935,LU_Nuclear,2030,5,13,14,0.0
8936,LU_Nuclear,2030,5,15,16,0.0
8937,LU_Nuclear,2030,5,17,18,0.0
8938,LU_Nuclear,2030,5,19,20,0.0
8939,LU_Nuclear,2030,5,21,22,0.0
8940,LU_Nuclear,2030,5,23,24,0.0
8941,LU_Nuclear,2030,6,1,2,0.0
8942,LU_Nuclear,2030,6,3,4,0.0
8943,LU_Nuclear,2030,6,5,6,0.0
8944,LU_Nuclear,2030,6,7,8,0.0
8945,LU_Nuclear,2030,6,9,10,0.0
8946,LU_Nuclear,2030,6,11,12,0.0
8947,LU_Nuclear,2030,6,13,14,0.0
8948,LU_Nuclear,2030,6,15,16,0.0
8949,LU_Nuclear,2030,6,17,18,0.0
8950,LU_Nuclear,2030,6,19,20,0.0
8951,LU_Nuclear,2030,6,21,22,0.0
8952,LU_Nuclear,2030,6,23,24,0.0
8953,LU_Nuclear,2030,7,1,2,0.0
8954,LU_Nuclear,2030,7,3,4,0.0
8955,LU_Nuclear,2030,7,5,6,0.0
8956,LU_Nuclear,2030,7,7,8,0.0
8957,LU_Nuclear,2030,7,9,10,0.0
8958,LU_Nuclear,2030,7,11,12,0.0
8959,LU_Nuclear,2030,7,13,14,0.0
8960,LU_Nuclear,2030,7,15,16,0.0
8961,LU_Nuclear,2030,7,17,18,0.0
8962,LU_Nuclear,2030,7,19,20,0.0
8963,LU_Nuclear,2030,7,21,22,0.0
8964,LU_Nuclear,2030,7,23,24,0.0
8965,LU_Nuclear,2030,8,1,2,0.0
8966,LU_Nuclear,2030,8,3,4,0.0
8967,LU_Nuclear,2030,8,5,6,0.0
8968,LU_Nuclear,2030,8,7,8,0.0
8969,LU_Nuclear,2030,8,9,10,0.0
8970,LU_Nuclear,2030,8,11,12,0.0
8971,LU_Nuclear,2030,8,13,14,0.0
8972,LU_Nuclear,2030,8,15,16,0.0
8973,LU_Nuclear,2030,8,17,18,0.0
8974,LU_Nuclear,2030,8,19,20,0.0
8975,LU_Nuclear,2030,8,21,22,0.0
8976,LU_Nuclear,2030,8,23,24,0.0
8977,LU_Nuclear,2030,9,1,2,0.0
8978,LU_Nuclear,2030,9,3,4,0.0
8979,LU_Nuclear,2030,9,5,6,0.0
8980,LU_Nuclear,2030,9,7,8,0.0
8981,LU_Nuclear,2030,9,9,10,0.0
8982,LU_Nuclear,2030,9,11,12,0.0
8983,LU_Nuclear,2030,9,13,14,0.0
8984,LU_Nuclear,2030,9,15,16,0.0
8985,LU_Nuclear,2030,9,17,18,0.0
8986,LU_Nuclear,2030,9,19,20,0.0
8987,LU_Nuclear,2030,9,21,22,0.0
8988,LU_Nuclear,2030,9,23,24,0.0
8989,LU_Nuclear,2030,10,1,2,0.0
8990,LU_Nuclear,2030,10,3,4,0.0
8991,LU_Nuclear,2030,10,5,6,0.0
8992,LU_Nuclear,2030,10,7,8,0.0
8993,LU_Nuclear,2030,10,9,10,0.0
8994,LU_Nuclear,2030,10,11,12,0.0
8995,LU_Nuclear,2030,10,13,14,0.0
8996,LU_Nuclear,2030,10,15,16,0.0
8997,LU_Nuclear,2030,10,17,18,0.0
8998,LU_Nuclear,2030,10,19,20,0.0
8999,LU_Nuclear,2030,10,21,22,0.0
9000,LU_Nuclear,2030,10,23,24,0.0
9001,LU_OCGT,2030,1,1,2,0.0
9002,LU_OCGT,2030,1,3,4,0.0
9003,LU_OCGT,2030,1,5,6,0.0
9004,LU_OCGT,2030,1,7,8,0.0
9005,LU_OCGT,2030,1,9,10,0.0
9006,LU_OCGT,2030,1,11,12,0.0
9007,LU_OCGT,2030,1,13,14,0.0
9008,LU_OCGT,2030,1,15,16,0.0
9009,LU_OCGT,2030,1,17,18,0.0
9010,LU_OCGT,2030,1,19,20,0.0
9011,LU_OCGT,2030,1,21,22,0.0
9012,LU_OCGT,2030,1,23,24,0.0
9013,LU_OCGT,2030,2,1,2,0.0
9014,LU_OCGT,2030,2,3,4,0.0
9015,LU_OCGT,2030,2,5,6,0.0
9016,LU_OCGT,2030,2,7,8,0.0
9017,LU_OCGT,2030,2,9,10,0.0
9018,LU_OCGT,2030,2,11,12,0.0
9019,LU_OCGT,2030,2,13,14,0.0
9020,LU_OCGT,2030,2,15,16,0.0
9021,LU_OCGT,2030,2,17,18,0.0
9022,LU_OCGT,2030,2,19,20,0.0
9023,LU_OCGT,2030,2,21,22,0.0
9024,LU_OCGT,2030,2,23,24,0.0
9025,LU_OCGT,2030,3,1,2,0.0
9026,LU_OCGT,2030,3,3,4,0.0
9027,LU_OCGT,2030,3,5,6,0.0
9028,LU_OCGT,2030,3,7,8,0.0
9029,LU_OCGT,2030,3,9,10,0.0
9030,LU_OCGT,2030,3,11,12,0.0
9031,LU_OCGT,2030,3,13,14,0.0
9032,LU_OCGT,2030,3,15,16,0.0
9033,LU_OCGT,2030,3,17,18,0.0
9034,LU_OCGT,2030,3,19,20,0.0
9035,LU_OCGT,2030,3,21,22,0.0
9036,LU_OCGT,2030,3,23,24,0.0
9037,LU_OCGT,2030,4,1,2,0.0
9038,LU_OCGT,2030,4,3,4,0.0
9039,LU_OCGT,2030,4,5,6,0.0
9040,LU_OCGT,2030,4,7,8,0.0
9041,LU_OCGT,2030,4,9,10,0.0
9042,LU_OCGT,2030,4,11,12,0.0
9043,LU_OCGT,2030,4,13,14,0.0
9044,LU_OCGT,2030,4,15,16,0.0
9045,LU_OCGT,2030,4,17,18,0.0
9046,LU_OCGT,2030,4,19,20,0.0
9047,LU_OCGT,2030,4,21,22,0.0
9048,LU_OCGT,2030,4,23,24,0.0
9049,LU_OCGT,2030,5,1,2,0.0
9050,LU_OCGT,2030,5,3,4,0.0
9051,LU_OCGT,2030,5,5,6,0.0
9052,LU_OCGT,2030,5,7,8,0.0
9053,LU_OCGT,2030,5,9,10,0.0
9054,LU_OCGT,2030,5,11,12,0.0
9055,LU_OCGT,2030,5,13,14,0.0
9056,LU_OCGT,2030,5,15,16,0.0
9057,LU_OCGT,2030,5,17,18,0.0
9058,LU_OCGT,2030,5,19,20,0.0
9059,LU_OCGT,2030,5,21,22,0.0
9060,LU_OCGT,2030,5,23,24,0.0
9061,LU_OCGT,2030,6,1,2,0.0
9062,LU_OCGT,2030,6,3,4,0.0
9063,LU_OCGT,2030,6,5,6,0.0
9064,LU_OCGT,2030,6,7,8,0.0
9065,LU_OCGT,2030,6,9,10,0.0
9066,LU_OCGT,2030,6,11,12,0.0
9067,LU_OCGT,2030,6,13,14,0.0
9068,LU_OCGT,2030,6,15,16,0.0
9069,LU_OCGT,2030,6,17,18,0.0
9070,LU_OCGT,2030,6,19,20,0.0
9071,LU_OCGT,2030,6,21,22,0.0
9072,LU_OCGT,2030,6,23,24,0.0
9073,LU_OCGT,2030,7,1,2,0.0
9074,LU_OCGT,2030,7,3,4,0.0
9075,LU_OCGT,2030,7,5,6,0.0
9076,LU_OCGT,2030,7,7,8,0.0
9077,LU_OCGT,2030,7,9,10,0.0
9078,LU_OCGT,2030,7,11,12,0.0
9079,LU_OCGT,2030,7,13,14,0.0
9080,LU_OCGT,2030,7,15,16,0.0
9081,LU_OCGT,2030,7,17,18,0.0
9082,LU_OCGT,2030,7,19,20,0.0
9083,LU_OCGT,2030,7,21,22,0.0
9084,LU_OCGT,2030,7,23,24,0.0
9085,LU_OCGT,2030,8,1,2,0.0
9086,LU_OCGT,2030,8,3,4,0.0
9087,LU_OCGT,2030,8,5,6,0.0
9088,LU_OCGT,2030,8,7,8,0.0
9089,LU_OCGT,2030,8,9,10,0.0
9090,LU_OCGT,2030,8,11,12,0.0
9091,LU_OCGT,2030,8,13,14,0.0
9092,LU_OCGT,2030,8,15,16,0.0
9093,LU_OCGT,2030,8,17,18,0.0
9094,LU_OCGT,2030,8,19,20,0.0
9095,LU_OCGT,2030,8,21,22,0.0
9096,LU_OCGT,2030,8,23,24,0.0
9097,LU_OCGT,2030,9,1,2,0.0
9098,LU_OCGT,2030,9,3,4,0.0
9099,LU_OCGT,2030,9,5,6,0.0
9100,LU_OCGT,2030,9,7,8,0.0
9101,LU_OCGT,2030,9,9,10,0.0
9102,LU_OCGT,2030,9,11,12,0.0
9103,LU_OCGT,2030,9,13,14,0.0
9104,LU_OCGT,2030,9,15,16,0.0
9105,LU_OCGT,2030,9,17,18,0.0
9106,LU_OCGT,2030,9,19,20,0.0
9107,LU_OCGT,2030,9,21,22,0.0
9108,LU_OCGT,2030,9,23,24,0.0
9109,LU_OCGT,2030,10,1,2,0.0
9110,LU_OCGT,2030,10,3,4,0.0
9111,LU_OCGT,2030,10,5,6,0.0
9112,LU_OCGT,2030,10,7,8,0.0
9113,LU_OCGT,2030,10,9,10,0.0
9114,LU_OCGT,2030,10,11,12,0.0
9115,LU_OCGT,2030,10,13,14,0.0
9116,LU_OCGT,2030,10,15,16,0.0
9117,LU_OCGT,2030,10,17,18,0.0
9118,LU_OCGT,2030,10,19,20,0.0
9119,LU_OCGT,2030,10,21,22,0.0
9120,LU_OCGT,2030,10,23,24,0.0
9121,LV_CCGT,2030,1,1,2,0.0
9122,LV_CCGT,2030,1,3,4,0.0
9123,LV_CCGT,2030,1,5,6,0.0
9124,LV_CCGT,2030,1,7,8,0.0
9125,LV_CCGT,2030,1,9,10,0.0
9126,LV_CCGT,2030,1,11,12,0.0
9127,LV_CCGT,2030,1,13,14,0.0
9128,LV_CCGT,2030,1,15,16,0.0
9129,LV_CCGT,2030,1,17,18,0.0
9130,LV_CCGT,2030,1,19,20,0.0
9131,LV_CCGT,2030,1,21,22,0.0
9132,LV_CCGT,2030,1,23,24,0.0
9133,LV_CCGT,2030,2,1,2,0.0
9134,LV_CCGT,2030,2,3,4,0.0
9135,LV_CCGT,2030,2,5,6,0.0
9136,LV_CCGT,2030,2,7,8,0.0
9137,LV_CCGT,2030,2,9,10,0.0
9138,LV_CCGT,2030,2,11,12,0.0
9139,LV_CCGT,2030,2,13,14,0.0
9140,LV_CCGT,2030,2,15,16,0.0
9141,LV_CCGT,2030,2,17,18,0.0
9142,LV_CCGT,2030,2,19,20,0.0
9143,LV_CCGT,2030,2,21,22,0.0
9144,LV_CCGT,2030,2,23,24,0.0
9145,LV_CCGT,2030,3,1,2,0.0
9146,LV_CCGT,2030,3,3,4,0.0
9147,LV_CCGT,2030,3,5,6,0.0
9148,LV_CCGT,2030,3,7,8,0.0
9149,LV_CCGT,2030,3,9,10,0.0
9150,LV_CCGT,2030,3,11,12,0.0
9151,LV_CCGT,2030,3,13,14,0.0
9152,LV_CCGT,2030,3,15,16,0.0
9153,LV_CCGT,2030,3,17,18,0.0
9154,LV_CCGT,2030,3,19,20,0.0
9155,LV_CCGT,2030,3,21,22,0.0
9156,LV_CCGT,2030,3,23,24,0.0
9157,LV_CCGT,2030,4,1,2,0.0
9158,LV_CCGT,2030,4,3,4,0.0
9159,LV_CCGT,2030,4,5,6,0.0
9160,LV_CCGT,2030,4,7,8,0.0
9161,LV_CCGT,2030,4,9,10,0.0
9162,LV_CCGT,2030,4,11,12,0.0
9163,LV_CCGT,2030,4,13,14,0.0
9164,LV_CCGT,2030,4,15,16,0.0
9165,LV_CCGT,2030,4,17,18,0.0
9166,LV_CCGT,2030,4,19,20,0.0
9167,LV_CCGT,2030,4,21,22,0.0
9168,LV_CCGT,2030,4,23,24,0.0
9169,LV_CCGT,2030,5,1,2,0.0
9170,LV_CCGT,2030,5,3,4,0.0
9171,LV_CCGT,2030,5,5,6,0.0
9172,LV_CCGT,2030,5,7,8,0.0
9173,LV_CCGT,2030,5,9,10,0.0
9174,LV_CCGT,2030,5,11,12,0.0
9175,LV_CCGT,2030,5,13,14,0.0
9176,LV_CCGT,2030,5,15,16,0.0
9177,LV_CCGT,2030,5,17,18,0.0
9178,LV_CCGT,2030,5,19,20,0.0
9179,LV_CCGT,2030,5,21,22,0.0
9180,LV_CCGT,2030,5,23,24,0.0
9181,LV_CCGT,2030,6,1,2,0.0
9182,LV_CCGT,2030,6,3,4,0.0
9183,LV_CCGT,2030,6,5,6,0.0
9184,LV_CCGT,2030,6,7,8,0.0
9185,LV_CCGT,2030,6,9,10,0.0
9186,LV_CCGT,2030,6,11,12,0.0
9187,LV_CCGT,2030,6,13,14,0.0
9188,LV_CCGT,2030,6,15,16,0.0
9189,LV_CCGT,2030,6,17,18,0.0
9190,LV_CCGT,2030,6,19,20,0.0
9191,LV_CCGT,2030,6,21,22,0.0
9192,LV_CCGT,2030,6,23,24,0.0
9193,LV_CCGT,2030,7,1,2,0.0
9194,LV_CCGT,2030,7,3,4,0.0
9195,LV_CCGT,2030,7,5,6,0.0
9196,LV_CCGT,2030,7,7,8,0.0
9197,LV_CCGT,2030,7,9,10,0.0
9198,LV_CCGT,2030,7,11,12,0.0
9199,LV_CCGT,2030,7,13,14,0.0
9200,LV_CCGT,2030,7,15,16,0.0
9201,LV_CCGT,2030,7,17,18,0.0
9202,LV_CCGT,2030,7,19,20,0.0
9203,LV_CCGT,2030,7,21,22,0.0
9204,LV_CCGT,2030,7,23,24,0.0
9205,LV_CCGT,2030,8,1,2,0.0
9206,LV_CCGT,2030,8,3,4,0.0
9207,LV_CCGT,2030,8,5,6,0.0
9208,LV_CCGT,2030,8,7,8,0.0
9209,LV_CCGT,2030,8,9,10,0.0
9210,LV_CCGT,2030,8,11,12,0.0
9211,LV_CCGT,2030,8,13,14,0.0
9212,LV_CCGT,2030,8,15,16,0.0
9213,LV_CCGT,2030,8,17,18,0.0
9214,LV_CCGT,2030,8,19,20,0.0
9215,LV_CCGT,2030,8,21,22,0.0
9216,LV_CCGT,2030,8,23,24,0.0
9217,LV_CCGT,2030,9,1,2,0.0
9218,LV_CCGT,2030,9,3,4,0.0
9219,LV_CCGT,2030,9,5,6,0.0
9220,LV_CCGT,2030,9,7,8,0.0
9221,LV_CCGT,2030,9,9,10,0.0
9222,LV_CCGT,2030,9,11,12,0.0
9223,LV_CCGT,2030,9,13,14,0.0
9224,LV_CCGT,2030,9,15,16,0.0
9225,LV_CCGT,2030,9,17,18,0.0
9226,LV_CCGT,2030,9,19,20,0.0
9227,LV_CCGT,2030,9,21,22,0.0
9228,LV_CCGT,2030,9,23,24,0.0
9229,LV_CCGT,2030,10,1,2,0.0
9230,LV_CCGT,2030,10,3,4,0.0
9231,LV_CCGT,2030,10,5,6,0.0
9232,LV_CCGT,2030,10,7,8,0.0
9233,LV_CCGT,2030,10,9,10,0.0
9234,LV_CCGT,2030,10,11,12,0.0
9235,LV_CCGT,2030,10,13,14,0.0
9236,LV_CCGT,2030,10,15,16,0.0
9237,LV_CCGT,2030,10,17,18,0.0
9238,LV_CCGT,2030,10,19,20,0.0
9239,LV_CCGT,2030,10,21,22,0.0
9240,LV_CCGT,2030,10,23,24,0.0
9241,LV_Coal,2030,1,1,2,0.0
9242,LV_Coal,2030,1,3,4,0.0
9243,LV_Coal,2030,1,5,6,0.0
9244,LV_Coal,2030,1,7,8,0.0
9245,LV_Coal,2030,1,9,10,0.0
9246,LV_Coal,2030,1,11,12,0.0
9247,LV_Coal,2030,1,13,14,0.0
9248,LV_Coal,2030,1,15,16,0.0
9249,LV_Coal,2030,1,17,18,0.0
9250,LV_Coal,2030,1,19,20,0.0
9251,LV_Coal,2030,1,21,22,0.0
9252,LV_Coal,2030,1,23,24,0.0
9253,LV_Coal,2030,2,1,2,0.0
9254,LV_Coal,2030,2,3,4,0.0
9255,LV_Coal,2030,2,5,6,0.0
9256,LV_Coal,2030,2,7,8,0.0
9257,LV_Coal,2030,2,9,10,0.0
9258,LV_Coal,2030,2,11,12,0.0
9259,LV_Coal,2030,2,13,14,0.0
9260,LV_Coal,2030,2,15,16,0.0
9261,LV_Coal,2030,2,17,18,0.0
9262,LV_Coal,2030,2,19,20,0.0
9263,LV_Coal,2030,2,21,22,0.0
9264,LV_Coal,2030,2,23,24,0.0
9265,LV_Coal,2030,3,1,2,0.0
9266,LV_Coal,2030,3,3,4,0.0
9267,LV_Coal,2030,3,5,6,0.0
9268,LV_Coal,2030,3,7,8,0.0
9269,LV_Coal,2030,3,9,10,0.0
9270,LV_Coal,2030,3,11,12,0.0
9271,LV_Coal,2030,3,13,14,0.0
9272,LV_Coal,2030,3,15,16,0.0
9273,LV_Coal,2030,3,17,18,0.0
9274,LV_Coal,2030,3,19,20,0.0
9275,LV_Coal,2030,3,21,22,0.0
9276,LV_Coal,2030,3,23,24,0.0
9277,LV_Coal,2030,4,1,2,0.0
9278,LV_Coal,2030,4,3,4,0.0
9279,LV_Coal,2030,4,5,6,0.0
9280,LV_Coal,2030,4,7,8,0.0
9281,LV_Coal,2030,4,9,10,0.0
9282,LV_Coal,2030,4,11,12,0.0
9283,LV_Coal,2030,4,13,14,0.0
9284,LV_Coal,2030,4,15,16,0.0
9285,LV_Coal,2030,4,17,18,0.0
9286,LV_Coal,2030,4,19,20,0.0
9287,LV_Coal,2030,4,21,22,0.0
9288,LV_Coal,2030,4,23,24,0.0
9289,LV_Coal,2030,5,1,2,0.0
9290,LV_Coal,2030,5,3,4,0.0
9291,LV_Coal,2030,5,5,6,0.0
9292,LV_Coal,2030,5,7,8,0.0
9293,LV_Coal,2030,5,9,10,0.0
9294,LV_Coal,2030,5,11,12,0.0
9295,LV_Coal,2030,5,13,14,0.0
9296,LV_Coal,2030,5,15,16,0.0
9297,LV_Coal,2030,5,17,18,0.0
9298,LV_Coal,2030,5,19,20,0.0
9299,LV_Coal,2030,5,21,22,0.0
9300,LV_Coal,2030,5,23,24,0.0
9301,LV_Coal,2030,6,1,2,0.0
9302,LV_Coal,2030,6,3,4,0.0
9303,LV_Coal,2030,6,5,6,0.0
9304,LV_Coal,2030,6,7,8,0.0
9305,LV_Coal,2030,6,9,10,0.0
9306,LV_Coal,2030,6,11,12,0.0
9307,LV_Coal,2030,6,13,14,0.0
9308,LV_Coal,2030,6,15,16,0.0
9309,LV_Coal,2030,6,17,18,0.0
9310,LV_Coal,2030,6,19,20,0.0
9311,LV_Coal,2030,6,21,22,0.0
9312,LV_Coal,2030,6,23,24,0.0
9313,LV_Coal,2030,7,1,2,0.0
9314,LV_Coal,2030,7,3,4,0.0
9315,LV_Coal,2030,7,5,6,0.0
9316,LV_Coal,2030,7,7,8,0.0
9317,LV_Coal,2030,7,9,10,0.0
9318,LV_Coal,2030,7,11,12,0.0
9319,LV_Coal,2030,7,13,14,0.0
9320,LV_Coal,2030,7,15,16,0.0
9321,LV_Coal,2030,7,17,18,0.0
9322,LV_Coal,2030,7,19,20,0.0
9323,LV_Coal,2030,7,21,22,0.0
9324,LV_Coal,2030,7,23,24,0.0
9325,LV_Coal,2030,8,1,2,0.0
9326,LV_Coal,2030,8,3,4,0.0
9327,LV_Coal,2030,8,5,6,0.0
9328,LV_Coal,2030,8,7,8,0.0
9329,LV_Coal,2030,8,9,10,0.0
9330,LV_Coal,2030,8,11,12,0.0
9331,LV_Coal,2030,8,13,14,0.0
9332,LV_Coal,2030,8,15,16,0.0
9333,LV_Coal,2030,8,17,18,0.0
9334,LV_Coal,2030,8,19,20,0.0
9335,LV_Coal,2030,8,21,22,0.0
9336,LV_Coal,2030,8,23,24,0.0
9337,LV_Coal,2030,9,1,2,0.0
9338,LV_Coal,2030,9,3,4,-23.855897116999003
9339,LV_Coal,2030,9,5,6,0.0
9340,LV_Coal,2030,9,7,8,-1.3158
9341,LV_Coal,2030,9,9,10,0.0
9342,LV_Coal,2030,9,11,12,0.0
9343,LV_Coal,2030,9,13,14,0.0
9344,LV_Coal,2030,9,15,16,0.0
9345,LV_Coal,2030,9,17,18,0.0
9346,LV_Coal,2030,9,19,20,0.0
9347,LV_Coal,2030,9,21,22,0.0
9348,LV_Coal,2030,9,23,24,0.0
9349,LV_Coal,2030,10,1,2,0.0
9350,LV_Coal,2030,10,3,4,0.0
9351,LV_Coal,2030,10,5,6,0.0
9352,LV_Coal,2030,10,7,8,0.0
9353,LV_Coal,2030,10,9,10,0.0
9354,LV_Coal,2030,10,11,12,0.0
9355,LV_Coal,2030,10,13,14,0.0
9356,LV_Coal,2030,10,15,16,0.0
9357,LV_Coal,2030,10,17,18,0.0
9358,LV_Coal,2030,10,19,20,0.0
9359,LV_Coal,2030,10,21,22,0.0
9360,LV_Coal,2030,10,23,24,0.0
9361,LV_Nuclear,2030,1,1,2,0.0
9362,LV_Nuclear,2030,1,3,4,0.0
9363,LV_Nuclear,2030,1,5,6,0.0
9364,LV_Nuclear,2030,1,7,8,0.0
9365,LV_Nuclear,2030,1,9,10,0.0
9366,LV_Nuclear,2030,1,11,12,0.0
9367,LV_Nuclear,2030,1,13,14,0.0
9368,LV_Nuclear,2030,1,15,16,0.0
9369,LV_Nuclear,2030,1,17,18,0.0
9370,LV_Nuclear,2030,1,19,20,0.0
9371,LV_Nuclear,2030,1,21,22,0.0
9372,LV_Nuclear,2030,1,23,24,0.0
9373,LV_Nuclear,2030,2,1,2,0.0
9374,LV_Nuclear,2030,2,3,4,0.0
9375,LV_Nuclear,2030,2,5,6,0.0
9376,LV_Nuclear,2030,2,7,8,0.0
9377,LV_Nuclear,2030,2,9,10,0.0
9378,LV_Nuclear,2030,2,11,12,0.0
9379,LV_Nuclear,2030,2,13,14,0.0
9380,LV_Nuclear,2030,2,15,16,0.0
9381,LV_Nuclear,2030,2,17,18,0.0
9382,LV_Nuclear,2030,2,19,20,0.0
9383,LV_Nuclear,2030,2,21,22,0.0
9384,LV_Nuclear,2030,2,23,24,0.0
9385,LV_Nuclear,2030,3,1,2,0.0
9386,LV_Nuclear,2030,3,3,4,0.0
9387,LV_Nuclear,2030,3,5,6,0.0
9388,LV_Nuclear,2030,3,7,8,0.0
9389,LV_Nuclear,2030,3,9,10,0.0
9390,LV_Nuclear,2030,3,11,12,0.0
9391,LV_Nuclear,2030,3,13,14,0.0
9392,LV_Nuclear,2030,3,15,16,0.0
9393,LV_Nuclear,2030,3,17,18,0.0
9394,LV_Nuclear,2030,3,19,20,0.0
9395,LV_Nuclear,2030,3,21,22,0.0
9396,LV_Nuclear,2030,3,23,24,0.0
9397,LV_Nuclear,2030,4,1,2,0.0
9398,LV_Nuclear,2030,4,3,4,0.0
9399,LV_Nuclear,2030,4,5,6,0.0
9400,LV_Nuclear,2030,4,7,8,0.0
9401,LV_Nuclear,2030,4,9,10,0.0
9402,LV_Nuclear,2030,4,11,12,0.0
9403,LV_Nuclear,2030,4,13,14,0.0
9404,LV_Nuclear,2030,4,15,16,0.0
9405,LV_Nuclear,2030,4,17,18,0.0
9406,LV_Nuclear,2030,4,19,20,0.0
9407,LV_Nuclear,2030,4,21,22,0.0
9408,LV_Nuclear,2030,4,23,24,0.0
9409,LV_Nuclear,2030,5,1,2,0.0
9410,LV_Nuclear,2030,5,3,4,0.0
9411,LV_Nuclear,2030,5,5,6,0.0
9412,LV_Nuclear,2030,5,7,8,0.0
9413,LV_Nuclear,2030,5,9,10,0.0
9414,LV_Nuclear,2030,5,11,12,0.0
9415,LV_Nuclear,2030,5,13,14,0.0
9416,LV_Nuclear,2030,5,15,16,0.0
9417,LV_Nuclear,2030,5,17,18,0.0
9418,LV_Nuclear,2030,5,19,20,0.0
9419,LV_Nuclear,2030,5,21,22,0.0
9420,LV_Nuclear,2030,5,23,24,0.0
9421,LV_Nuclear,2030,6,1,2,0.0
9422,LV_Nuclear,2030,6,3,4,0.0
9423,LV_Nuclear,2030,6,5,6,0.0
9424,LV_Nuclear,2030,6,7,8,0.0
9425,LV_Nuclear,2030,6,9,10,0.0
9426,LV_Nuclear,2030,6,11,12,0.0
9427,LV_Nuclear,2030,6,13,14,0.0
9428,LV_Nuclear,2030,6,15,16,0.0
9429,LV_Nuclear,2030,6,17,18,0.0
9430,LV_Nuclear,2030,6,19,20,0.0
9431,LV_Nuclear,2030,6,21,22,0.0
9432,LV_Nuclear,2030,6,23,24,0.0
9433,LV_Nuclear,2030,7,1,2,0.0
9434,LV_Nuclear,2030,7,3,4,0.0
9435,LV_Nuclear,2030,7,5,6,0.0
9436,LV_Nuclear,2030,7,7,8,0.0
9437,LV_Nuclear,2030,7,9,10,0.0
9438,LV_Nuclear,2030,7,11,12,0.0
9439,LV_Nuclear,2030,7,13,14,0.0
9440,LV_Nuclear,2030,7,15,16,0.0
9441,LV_Nuclear,2030,7,17,18,0.0
9442,LV_Nuclear,2030,7,19,20,0.0
9443,LV_Nuclear,2030,7,21,22,0.0
9444,LV_Nuclear,2030,7,23,24,0.0
9445,LV_Nuclear,2030,8,1,2,0.0
9446,LV_Nuclear,2030,8,3,4,0.0
9447,LV_Nuclear,2030,8,5,6,0.0
9448,LV_Nuclear,2030,8,7,8,0.0
9449,LV_Nuclear,2030,8,9,10,0.0
9450,LV_Nuclear,2030,8,11,12,0.0
9451,LV_Nuclear,2030,8,13,14,0.0
9452,LV_Nuclear,2030,8,15,16,0.0
9453,LV_Nuclear,2030,8,17,18,0.0
9454,LV_Nuclear,2030,8,19,20,0.0
9455,LV_Nuclear,2030,8,21,22,0.0
9456,LV_Nuclear,2030,8,23,24,0.0
9457,LV_Nuclear,2030,9,1,2,0.0
9458,LV_Nuclear,2030,9,3,4,0.0
9459,LV_Nuclear,2030,9,5,6,0.0
9460,LV_Nuclear,2030,9,7,8,0.0
9461,LV_Nuclear,2030,9,9,10,0.0
9462,LV_Nuclear,2030,9,11,12,0.0
9463,LV_Nuclear,2030,9,13,14,0.0
9464,LV_Nuclear,2030,9,15,16,0.0
9465,LV_Nuclear,2030,9,17,18,0.0
9466,LV_Nuclear,2030,9,19,20,0.0
9467,LV_Nuclear,2030,9,21,22,0.0
9468,LV_Nuclear,2030,9,23,24,0.0
9469,LV_Nuclear,2030,10,1,2,0.0
9470,LV_Nuclear,2030,10,3,4,0.0
9471,LV_Nuclear,2030,10,5,6,0.0
9472,LV_Nuclear,2030,10,7,8,0.0
9473,LV_Nuclear,2030,10,9,10,0.0
9474,LV_Nuclear,2030,10,11,12,0.0
9475,LV_Nuclear,2030,10,13,14,0.0
9476,LV_Nuclear,2030,10,15,16,0.0
9477,LV_Nuclear,2030,10,17,18,0.0
9478,LV_Nuclear,2030,10,19,20,0.0
9479,LV_Nuclear,2030,10,21,22,0.0
9480,LV_Nuclear,2030,10,23,24,0.0
9481,LV_OCGT,2030,1,1,2,0.0
9482,LV_OCGT,2030,1,3,4,0.0
9483,LV_OCGT,2030,1,5,6,0.0
9484,LV_OCGT,2030,1,7,8,0.0
9485,LV_OCGT,2030,1,9,10,0.0
9486,LV_OCGT,2030,1,11,12,0.0
9487,LV_OCGT,2030,1,13,14,0.0
9488,LV_OCGT,2030,1,15,16,0.0
9489,LV_OCGT,2030,1,17,18,0.0
9490,LV_OCGT,2030,1,19,20,0.0
9491,LV_OCGT,2030,1,21,22,0.0
9492,LV_OCGT,2030,1,23,24,0.0
9493,LV_OCGT,2030,2,1,2,0.0
9494,LV_OCGT,2030,2,3,4,0.0
9495,LV_OCGT,2030,2,5,6,0.0
9496,LV_OCGT,2030,2,7,8,0.0
9497,LV_OCGT,2030,2,9,10,0.0
9498,LV_OCGT,2030,2,11,12,0.0
9499,LV_OCGT,2030,2,13,14,0.0
9500,LV_OCGT,2030,2,15,16,0.0
9501,LV_OCGT,2030,2,17,18,0.0
9502,LV_OCGT,2030,2,19,20,0.0
9503,LV_OCGT,2030,2,21,22,0.0
9504,LV_OCGT,2030,2,23,24,0.0
9505,LV_OCGT,2030,3,1,2,0.0
9506,LV_OCGT,2030,3,3,4,0.0
9507,LV_OCGT,2030,3,5,6,0.0
9508,LV_OCGT,2030,3,7,8,0.0
9509,LV_OCGT,2030,3,9,10,0.0
9510,LV_OCGT,2030,3,11,12,0.0
9511,LV_OCGT,2030,3,13,14,0.0
9512,LV_OCGT,2030,3,15,16,0.0
9513,LV_OCGT,2030,3,17,18,0.0
9514,LV_OCGT,2030,3,19,20,0.0
9515,LV_OCGT,2030,3,21,22,0.0
9516,LV_OCGT,2030,3,23,24,0.0
9517,LV_OCGT,2030,4,1,2,0.0
9518,LV_OCGT,2030,4,3,4,0.0
9519,LV_OCGT,2030,4,5,6,0.0
9520,LV_OCGT,2030,4,7,8,0.0
9521,LV_OCGT,2030,4,9,10,0.0
9522,LV_OCGT,2030,4,11,12,0.0
9523,LV_OCGT,2030,4,13,14,0.0
9524,LV_OCGT,2030,4,15,16,0.0
9525,LV_OCGT,2030,4,17,18,0.0
9526,LV_OCGT,2030,4,19,20,0.0
9527,LV_OCGT,2030,4,21,22,0.0
9528,LV_OCGT,2030,4,23,24,0.0
9529,LV_OCGT,2030,5,1,2,0.0
9530,LV_OCGT,2030,5,3,4,0.0
9531,LV_OCGT,2030,5,5,6,0.0
9532,LV_OCGT,2030,5,7,8,0.0
9533,LV_OCGT,2030,5,9,10,0.0
9534,LV_OCGT,2030,5,11,12,0.0
9535,LV_OCGT,2030,5,13,14,0.0
9536,LV_OCGT,2030,5,15,16,0.0
9537,LV_OCGT,2030,5,17,18,0.0
9538,LV_OCGT,2030,5,19,20,0.0
9539,LV_OCGT,2030,5,21,22,0.0
9540,LV_OCGT,2030,5,23,24,0.0
9541,LV_OCGT,2030,6,1,2,0.0
9542,LV_OCGT,2030,6,3,4,0.0
9543,LV_OCGT,2030,6,5,6,0.0
9544,LV_OCGT,2030,6,7,8,0.0
9545,LV_OCGT,2030,6,9,10,0.0
9546,LV_OCGT,2030,6,11,12,0.0
9547,LV_OCGT,2030,6,13,14,0.0
9548,LV_OCGT,2030,6,15,16,0.0
9549,LV_OCGT,2030,6,17,18,0.0
9550,LV_OCGT,2030,6,19,20,0.0
9551,LV_OCGT,2030,6,21,22,0.0
9552,LV_OCGT,2030,6,23,24,0.0
9553,LV_OCGT,2030,7,1,2,0.0
9554,LV_OCGT,2030,7,3,4,0.0
9555,LV_OCGT,2030,7,5,6,0.0
9556,LV_OCGT,2030,7,7,8,0.0
9557,LV_OCGT,2030,7,9,10,0.0
9558,LV_OCGT,2030,7,11,12,0.0
9559,LV_OCGT,2030,7,13,14,0.0
9560,LV_OCGT,2030,7,15,16,0.0
9561,LV_OCGT,2030,7,17,18,0.0
9562,LV_OCGT,2030,7,19,20,0.0
9563,LV_OCGT,2030,7,21,22,0.0
9564,LV_OCGT,2030,7,23,24,0.0
9565,LV_OCGT,2030,8,1,2,0.0
9566,LV_OCGT,2030,8,3,4,0.0
9567,LV_OCGT,2030,8,5,6,0.0
9568,LV_OCGT,2030,8,7,8,0.0
9569,LV_OCGT,2030,8,9,10,0.0
9570,LV_OCGT,2030,8,11,12,0.0
9571,LV_OCGT,2030,8,13,14,0.0
9572,LV_OCGT,2030,8,15,16,0.0
9573,LV_OCGT,2030,8,17,18,0.0
9574,LV_OCGT,2030,8,19,20,0.0
9575,LV_OCGT,2030,8,21,22,0.0
9576,LV_OCGT,2030,8,23,24,0.0
9577,LV_OCGT,2030,9,1,2,0.0
9578,LV_OCGT,2030,9,3,4,0.0
9579,LV_OCGT,2030,9,5,6,0.0
9580,LV_OCGT,2030,9,7,8,0.0
9581,LV_OCGT,2030,9,9,10,0.0
9582,LV_OCGT,2030,9,11,12,0.0
9583,LV_OCGT,2030,9,13,14,0.0
9584,LV_OCGT,2030,9,15,16,0.0
9585,LV_OCGT,2030,9,17,18,0.0
9586,LV_OCGT,2030,9,19,20,0.0
9587,LV_OCGT,2030,9,21,22,0.0
9588,LV_OCGT,2030,9,23,24,0.0
9589,LV_OCGT,2030,10,1,2,0.0
9590,LV_OCGT,2030,10,3,4,0.0
9591,LV_OCGT,2030,10,5,6,0.0
9592,LV_OCGT,2030,10,7,8,0.0
9593,LV_OCGT,2030,10,9,10,0.0
9594,LV_OCGT,2030,10,11,12,0.0
9595,LV_OCGT,2030,10,13,14,0.0
9596,LV_OCGT,2030,10,15,16,0.0
9597,LV_OCGT,2030,10,17,18,0.0
9598,LV_OCGT,2030,10,19,20,0.0
9599,LV_OCGT,2030,10,21,22,0.0
9600,LV_OCGT,2030,10,23,24,0.0
9601,MT_CCGT,2030,1,1,2,0.0
9602,MT_CCGT,2030,1,3,4,0.0
9603,MT_CCGT,2030,1,5,6,0.0
9604,MT_CCGT,2030,1,7,8,0.0
9605,MT_CCGT,2030,1,9,10,0.0
9606,MT_CCGT,2030,1,11,12,0.0
9607,MT_CCGT,2030,1,13,14,0.0
9608,MT_CCGT,2030,1,15,16,0.0
9609,MT_CCGT,2030,1,17,18,0.0
9610,MT_CCGT,2030,1,19,20,0.0
9611,MT_CCGT,2030,1,21,22,0.0
9612,MT_CCGT,2030,1,23,24,0.0
9613,MT_CCGT,2030,2,1,2,0.0
9614,MT_CCGT,2030,2,3,4,0.0
9615,MT_CCGT,2030,2,5,6,0.0
9616,MT_CCGT,2030,2,7,8,0.0
9617,MT_CCGT,2030,2,9,10,0.0
9618,MT_CCGT,2030,2,11,12,0.0
9619,MT_CCGT,2030,2,13,14,0.0
9620,MT_CCGT,2030,2,15,16,0.0
9621,MT_CCGT,2030,2,17,18,0.0
9622,MT_CCGT,2030,2,19,20,0.0
9623,MT_CCGT,2030,2,21,22,0.0
9624,MT_CCGT,2030,2,23,24,0.0
9625,MT_CCGT,2030,3,1,2,0.0
9626,MT_CCGT,2030,3,3,4,0.0
9627,MT_CCGT,2030,3,5,6,0.0
9628,MT_CCGT,2030,3,7,8,0.0
9629,MT_CCGT,2030,3,9,10,0.0
9630,MT_CCGT,2030,3,11,12,0.0
9631,MT_CCGT,2030,3,13,14,0.0
9632,MT_CCGT,2030,3,15,16,0.0
9633,MT_CCGT,2030,3,17,18,0.0
9634,MT_CCGT,2030,3,19,20,0.0
9635,MT_CCGT,2030,3,21,22,0.0
9636,MT_CCGT,2030,3,23,24,0.0
9637,MT_CCGT,2030,4,1,2,0.0
9638,MT_CCGT,2030,4,3,4,0.0
9639,MT_CCGT,2030,4,5,6,0.0
9640,MT_CCGT,2030,4,7,8,0.0
9641,MT_CCGT,2030,4,9,10,0.0
9642,MT_CCGT,2030,4,11,12,0.0
9643,MT_CCGT,2030,4,13,14,0.0
9644,MT_CCGT,2030,4,15,16,0.0
9645,MT_CCGT,2030,4,17,18,0.0
9646,MT_CCGT,2030,4,19,20,0.0
9647,MT_CCGT,2030,4,21,22,0.0
9648,MT_CCGT,2030,4,23,24,0.0
9649,MT_CCGT,2030,5,1,2,0.0
9650,MT_CCGT,2030,5,3,4,0.0
9651,MT_CCGT,2030,5,5,6,0.0
9652,MT_CCGT,2030,5,7,8,0.0
9653,MT_CCGT,2030,5,9,10,0.0
9654,MT_CCGT,2030,5,11,12,0.0
9655,MT_CCGT,2030,5,13,14,0.0
9656,MT_CCGT,2030,5,15,16,0.0
9657,MT_CCGT,2030,5,17,18,0.0
9658,MT_CCGT,2030,5,19,20,0.0
9659,MT_CCGT,2030,5,21,22,0.0
9660,MT_CCGT,2030,5,23,24,0.0
9661,MT_CCGT,2030,6,1,2,0.0
9662,MT_CCGT,2030,6,3,4,0.0
9663,MT_CCGT,2030,6,5,6,0.0
9664,MT_CCGT,2030,6,7,8,0.0
9665,MT_CCGT,2030,6,9,10,0.0
9666,MT_CCGT,2030,6,11,12,0.0
9667,MT_CCGT,2030,6,13,14,0.0
9668,MT_CCGT,2030,6,15,16,0.0
9669,MT_CCGT,2030,6,17,18,0.0
9670,MT_CCGT,2030,6,19,20,0.0
9671,MT_CCGT,2030,6,21,22,0.0
9672,MT_CCGT,2030,6,23,24,0.0
9673,MT_CCGT,2030,7,1,2,0.0
9674,MT_CCGT,2030,7,3,4,0.0
9675,MT_CCGT,2030,7,5,6,0.0
9676,MT_CCGT,2030,7,7,8,0.0
9677,MT_CCGT,2030,7,9,10,0.0
9678,MT_CCGT,2030,7,11,12,0.0
9679,MT_CCGT,2030,7,13,14,0.0
9680,MT_CCGT,2030,7,15,16,0.0
9681,MT_CCGT,2030,7,17,18,0.0
9682,MT_CCGT,2030,7,19,20,0.0
9683,MT_CCGT,2030,7,21,22,0.0
9684,MT_CCGT,2030,7,23,24,0.0
9685,MT_CCGT,2030,8,1,2,0.0
9686,MT_CCGT,2030,8,3,4,0.0
9687,MT_CCGT,2030,8,5,6,0.0
9688,MT_CCGT,2030,8,7,8,0.0
9689,MT_CCGT,2030,8,9,10,0.0
9690,MT_CCGT,2030,8,11,12,0.0
9691,MT_CCGT,2030,8,13,14,0.0
9692,MT_CCGT,2030,8,15,16,0.0
9693,MT_CCGT,2030,8,17,18,0.0
9694,MT_CCGT,2030,8,19,20,0.0
9695,MT_CCGT,2030,8,21,22,0.0
9696,MT_CCGT,2030,8,23,24,0.0
9697,MT_CCGT,2030,9,1,2,0.0
9698,MT_CCGT,2030,9,3,4,0.0
9699,MT_CCGT,2030,9,5,6,0.0
9700,MT_CCGT,2030,9,7,8,0.0
9701,MT_CCGT,2030,9,9,10,0.0
9702,MT_CCGT,2030,9,11,12,0.0
9703,MT_CCGT,2030,9,13,14,0.0
9704,MT_CCGT,2030,9,15,16,0.0
9705,MT_CCGT,2030,9,17,18,0.0
9706,MT_CCGT,2030,9,19,20,0.0
9707,MT_CCGT,2030,9,21,22,0.0
9708,MT_CCGT,2030,9,23,24,0.0
9709,MT_CCGT,2030,10,1,2,0.0
9710,MT_CCGT,2030,10,3,4,0.0
9711,MT_CCGT,2030,10,5,6,0.0
9712,MT_CCGT,2030,10,7,8,0.0
9713,MT_CCGT,2030,10,9,10,0.0
9714,MT_CCGT,2030,10,11,12,0.0
9715,MT_CCGT,2030,10,13,14,0.0
9716,MT_CCGT,2030,10,15,16,0.0
9717,MT_CCGT,2030,10,17,18,0.0
9718,MT_CCGT,2030,10,19,20,0.0
9719,MT_CCGT,2030,10,21,22,0.0
9720,MT_CCGT,2030,10,23,24,0.0
9721,MT_Nuclear,2030,1,1,2,0.0
9722,MT_Nuclear,2030,1,3,4,0.0
9723,MT_Nuclear,2030,1,5,6,0.0
9724,MT_Nuclear,2030,1,7,8,0.0
9725,MT_Nuclear,2030,1,9,10,0.0
9726,MT_Nuclear,2030,1,11,12,0.0
9727,MT_Nuclear,2030,1,13,14,0.0
9728,MT_Nuclear,2030,1,15,16,0.0
9729,MT_Nuclear,2030,1,17,18,0.0
9730,MT_Nuclear,2030,1,19,20,0.0
9731,MT_Nuclear,2030,1,21,22,0.0
9732,MT_Nuclear,2030,1,23,24,0.0
9733,MT_Nuclear,2030,2,1,2,0.0
9734,MT_Nuclear,2030,2,3,4,0.0
9735,MT_Nuclear,2030,2,5,6,0.0
9736,MT_Nuclear,2030,2,7,8,0.0
9737,MT_Nuclear,2030,2,9,10,0.0
9738,MT_Nuclear,2030,2,11,12,0.0
9739,MT_Nuclear,2030,2,13,14,0.0
9740,MT_Nuclear,2030,2,15,16,0.0
9741,MT_Nuclear,2030,2,17,18,0.0
9742,MT_Nuclear,2030,2,19,20,0.0
9743,MT_Nuclear,2030,2,21,22,0.0
9744,MT_Nuclear,2030,2,23,24,0.0
9745,MT_Nuclear,2030,3,1,2,0.0
9746,MT_Nuclear,2030,3,3,4,0.0
9747,MT_Nuclear,2030,3,5,6,0.0
9748,MT_Nuclear,2030,3,7,8,0.0
9749,MT_Nuclear,2030,3,9,10,0.0
9750,MT_Nuclear,2030,3,11,12,0.0
9751,MT_Nuclear,2030,3,13,14,0.0
9752,MT_Nuclear,2030,3,15,16,0.0
9753,MT_Nuclear,2030,3,17,18,0.0
9754,MT_Nuclear,2030,3,19,20,0.0
9755,MT_Nuclear,2030,3,21,22,0.0
9756,MT_Nuclear,2030,3,23,24,0.0
9757,MT_Nuclear,2030,4,1,2,0.0
9758,MT_Nuclear,2030,4,3,4,0.0
9759,MT_Nuclear,2030,4,5,6,0.0
9760,MT_Nuclear,2030,4,7,8,0.0
9761,MT_Nuclear,2030,4,9,10,0.0
9762,MT_Nuclear,2030,4,11,12,0.0
9763,MT_Nuclear,2030,4,13,14,0.0
9764,MT_Nuclear,2030,4,15,16,0.0
9765,MT_Nuclear,2030,4,17,18,0.0
9766,MT_Nuclear,2030,4,19,20,0.0
9767,MT_Nuclear,2030,4,21,22,0.0
9768,MT_Nuclear,2030,4,23,24,0.0
9769,MT_Nuclear,2030,5,1,2,0.0
9770,MT_Nuclear,2030,5,3,4,0.0
9771,MT_Nuclear,2030,5,5,6,0.0
9772,MT_Nuclear,2030,5,7,8,0.0
9773,MT_Nuclear,2030,5,9,10,0.0
9774,MT_Nuclear,2030,5,11,12,0.0
9775,MT_Nuclear,2030,5,13,14,0.0
9776,MT_Nuclear,2030,5,15,16,0.0
9777,MT_Nuclear,2030,5,17,18,0.0
9778,MT_Nuclear,2030,5,19,20,0.0
9779,MT_Nuclear,2030,5,21,22,0.0
9780,MT_Nuclear,2030,5,23,24,0.0
9781,MT_Nuclear,2030,6,1,2,0.0
9782,MT_Nuclear,2030,6,3,4,0.0
9783,MT_Nuclear,2030,6,5,6,0.0
9784,MT_Nuclear,2030,6,7,8,0.0
9785,MT_Nuclear,2030,6,9,10,0.0
9786,MT_Nuclear,2030,6,11,12,0.0
9787,MT_Nuclear,2030,6,13,14,0.0
9788,MT_Nuclear,2030,6,15,16,0.0
9789,MT_Nuclear,2030,6,17,18,0.0
9790,MT_Nuclear,2030,6,19,20,0.0
9791,MT_Nuclear,2030,6,21,22,0.0
9792,MT_Nuclear,2030,6,23,24,0.0
9793,MT_Nuclear,2030,7,1,2,0.0
9794,MT_Nuclear,2030,7,3,4,0.0
9795,MT_Nuclear,2030,7,5,6,0.0
9796,MT_Nuclear,2030,7,7,8,0.0
9797,MT_Nuclear,2030,7,9,10,0.0
9798,MT_Nuclear,2030,7,11,12,0.0
9799,MT_Nuclear,2030,7,13,14,0.0
9800,MT_Nuclear,2030,7,15,16,0.0
9801,MT_Nuclear,2030,7,17,18,0.0
9802,MT_Nuclear,2030,7,19,20,0.0
9803,MT_Nuclear,2030,7,21,22,0.0
9804,MT_Nuclear,2030,7,23,24,0.0
9805,MT_Nuclear,2030,8,1,2,0.0
9806,MT_Nuclear,2030,8,3,4,0.0
9807,MT_Nuclear,2030,8,5,6,0.0
9808,MT_Nuclear,2030,8,7,8,0.0
9809,MT_Nuclear,2030,8,9,10,0.0
9810,MT_Nuclear,2030,8,11,12,0.0
9811,MT_Nuclear,2030,8,13,14,0.0
9812,MT_Nuclear,2030,8,15,16,0.0
9813,MT_Nuclear,2030,8,17,18,0.0
9814,MT_Nuclear,2030,8,19,20,0.0
9815,MT_Nuclear,2030,8,21,22,0.0
9816,MT_Nuclear,2030,8,23,24,0.0
9817,MT_Nuclear,2030,9,1,2,0.0
9818,MT_Nuclear,2030,9,3,4,0.0
9819,MT_Nuclear,2030,9,5,6,0.0
9820,MT_Nuclear,2030,9,7,8,0.0
9821,MT_Nuclear,2030,9,9,10,0.0
9822,MT_Nuclear,2030,9,11,12,0.0
9823,MT_Nuclear,2030,9,13,14,0.0
9824,MT_Nuclear,2030,9,15,16,0.0
9825,MT_Nuclear,2030,9,17,18,0.0
9826,MT_Nuclear,2030,9,19,20,0.0
9827,MT_Nuclear,2030,9,21,22,0.0
9828,MT_Nuclear,2030,9,23,24,0.0
9829,MT_Nuclear,2030,10,1,2,0.0
9830,MT_Nuclear,2030,10,3,4,0.0
9831,MT_Nuclear,2030,10,5,6,0.0
9832,MT_Nuclear,2030,10,7,8,0.0
9833,MT_Nuclear,2030,10,9,10,0.0
9834,MT_Nuclear,2030,10,11,12,0.0
9835,MT_Nuclear,2030,10,13,14,0.0
9836,MT_Nuclear,2030,10,15,16,0.0
9837,MT_Nuclear,2030,10,17,18,0.0
9838,MT_Nuclear,2030,10,19,20,0.0
9839,MT_Nuclear,2030,10,21,22,0.0
9840,MT_Nuclear,2030,10,23,24,0.0
9841,MT_OCGT,2030,1,1,2,0.0
9842,MT_OCGT,2030,1,3,4,0.0
9843,MT_OCGT,2030,1,5,6,0.0
9844,MT_OCGT,2030,1,7,8,0.0
9845,MT_OCGT,2030,1,9,10,0.0
9846,MT_OCGT,2030,1,11,12,0.0
9847,MT_OCGT,2030,1,13,14,0.0
9848,MT_OCGT,2030,1,15,16,0.0
9849,MT_OCGT,2030,1,17,18,0.0
9850,MT_OCGT,2030,1,19,20,0.0
9851,MT_OCGT,2030,1,21,22,0.0
9852,MT_OCGT,2030,1,23,24,0.0
9853,MT_OCGT,2030,2,1,2,0.0
9854,MT_OCGT,2030,2,3,4,0.0
9855,MT_OCGT,2030,2,5,6,0.0
9856,MT_OCGT,2030,2,7,8,0.0
9857,MT_OCGT,2030,2,9,10,0.0
9858,MT_OCGT,2030,2,11,12,0.0
9859,MT_OCGT,2030,2,13,14,0.0
9860,MT_OCGT,2030,2,15,16,0.0
9861,MT_OCGT,2030,2,17,18,0.0
9862,MT_OCGT,2030,2,19,20,0.0
9863,MT_OCGT,2030,2,21,22,0.0
9864,MT_OCGT,2030,2,23,24,0.0
9865,MT_OCGT,2030,3,1,2,0.0
9866,MT_OCGT,2030,3,3,4,0.0
9867,MT_OCGT,2030,3,5,6,0.0
9868,MT_OCGT,2030,3,7,8,0.0
9869,MT_OCGT,2030,3,9,10,0.0
9870,MT_OCGT,2030,3,11,12,0.0
9871,MT_OCGT,2030,3,13,14,0.0
9872,MT_OCGT,2030,3,15,16,0.0
9873,MT_OCGT,2030,3,17,18,0.0
9874,MT_OCGT,2030,3,19,20,0.0
9875,MT_OCGT,2030,3,21,22,0.0
9876,MT_OCGT,2030,3,23,24,0.0
9877,MT_OCGT,2030,4,1,2,0.0
9878,MT_OCGT,2030,4,3,4,0.0
9879,MT_OCGT,2030,4,5,6,0.0
9880,MT_OCGT,2030,4,7,8,0.0
9881,MT_OCGT,2030,4,9,10,0.0
9882,MT_OCGT,2030,4,11,12,0.0
9883,MT_OCGT,2030,4,13,14,0.0
9884,MT_OCGT,2030,4,15,16,0.0
9885,MT_OCGT,2030,4,17,18,0.0
9886,MT_OCGT,2030,4,19,20,0.0
9887,MT_OCGT,2030,4,21,22,0.0
9888,MT_OCGT,2030,4,23,24,0.0
9889,MT_OCGT,2030,5,1,2,0.0
9890,MT_OCGT,2030,5,3,4,0.0
9891,MT_OCGT,2030,5,5,6,0.0
9892,MT_OCGT,2030,5,7,8,0.0
9893,MT_OCGT,2030,5,9,10,0.0
9894,MT_OCGT,2030,5,11,12,0.0
9895,MT_OCGT,2030,5,13,14,0.0
9896,MT_OCGT,2030,5,15,16,0.0
9897,MT_OCGT,2030,5,17,18,0.0
9898,MT_OCGT,2030,5,19,20,0.0
9899,MT_OCGT,2030,5,21,22,0.0
9900,MT_OCGT,2030,5,23,24,0.0
9901,MT_OCGT,2030,6,1,2,0.0
9902,MT_OCGT,2030,6,3,4,0.0
9903,MT_OCGT,2030,6,5,6,0.0
9904,MT_OCGT,2030,6,7,8,0.0
9905,MT_OCGT,2030,6,9,10,0.0
9906,MT_OCGT,2030,6,11,12,0.0
9907,MT_OCGT,2030,6,13,14,0.0
9908,MT_OCGT,2030,6,15,16,0.0
9909,MT_OCGT,2030,6,17,18,0.0
9910,MT_OCGT,2030,6,19,20,0.0
9911,MT_OCGT,2030,6,21,22,0.0
9912,MT_OCGT,2030,6,23,24,0.0
9913,MT_OCGT,2030,7,1,2,0.0
9914,MT_OCGT,2030,7,3,4,0.0
9915,MT_OCGT,2030,7,5,6,0.0
9916,MT_OCGT,2030,7,7,8,0.0
9917,MT_OCGT,2030,7,9,10,0.0
9918,MT_OCGT,2030,7,11,12,0.0
9919,MT_OCGT,2030,7,13,14,0.0
9920,MT_OCGT,2030,7,15,16,0.0
9921,MT_OCGT,2030,7,17,18,0.0
9922,MT_OCGT,2030,7,19,20,0.0
9923,MT_OCGT,2030,7,21,22,0.0
9924,MT_OCGT,2030,7,23,24,0.0
9925,MT_OCGT,2030,8,1,2,0.0
9926,MT_OCGT,2030,8,3,4,0.0
9927,MT_OCGT,2030,8,5,6,0.0
9928,MT_OCGT,2030,8,7,8,0.0
9929,MT_OCGT,2030,8,9,10,0.0
9930,MT_OCGT,2030,8,11,12,0.0
9931,MT_OCGT,2030,8,13,14,0.0
9932,MT_OCGT,2030,8,15,16,0.0
9933,MT_OCGT,2030,8,17,18,0.0
9934,MT_OCGT,2030,8,19,20,0.0
9935,MT_OCGT,2030,8,21,22,0.0
9936,MT_OCGT,2030,8,23,24,0.0
9937,MT_OCGT,2030,9,1,2,0.0
9938,MT_OCGT,2030,9,3,4,0.0
9939,MT_OCGT,2030,9,5,6,0.0
9940,MT_OCGT,2030,9,7,8,0.0
9941,MT_OCGT,2030,9,9,10,0.0
9942,MT_OCGT,2030,9,11,12,0.0
9943,MT_OCGT,2030,9,13,14,0.0
9944,MT_OCGT,2030,9,15,16,0.0
9945,MT_OCGT,2030,9,17,18,0.0
9946,MT_OCGT,2030,9,19,20,0.0
9947,MT_OCGT,2030,9,21,22,0.0
9948,MT_OCGT,2030,9,23,24,0.0
9949,MT_OCGT,2030,10,1,2,0.0
9950,MT_OCGT,2030,10,3,4,0.0
9951,MT_OCGT,2030,10,5,6,0.0
9952,MT_OCGT,2030,10,7,8,0.0
9953,MT_OCGT,2030,10,9,10,0.0
9954,MT_OCGT,2030,10,11,12,0.0
9955,MT_OCGT,2030,10,13,14,0.0
9956,MT_OCGT,2030,10,15,16,0.0
9957,MT_OCGT,2030,10,17,18,0.0
9958,MT_OCGT,2030,10,19,20,0.0
9959,MT_OCGT,2030,10,21,22,0.0
9960,MT_OCGT,2030,10,23,24,0.0
9961,NL_CCGT,2030,1,1,2,0.0
9962,NL_CCGT,2030,1,3,4,0.0
9963,NL_CCGT,2030,1,5,6,0.0
9964,NL_CCGT,2030,1,7,8,0.0
9965,NL_CCGT,2030,1,9,10,0.0
9966,NL_CCGT,2030,1,11,12,0.0
9967,NL_CCGT,2030,1,13,14,0.0
9968,NL_CCGT,2030,1,15,16,0.0
9969,NL_CCGT,2030,1,17,18,0.0
9970,NL_CCGT,2030,1,19,20,0.0
9971,NL_CCGT,2030,1,21,22,0.0
9972,NL_CCGT,2030,1,23,24,0.0
9973,NL_CCGT,2030,2,1,2,0.0
9974,NL_CCGT,2030,2,3,4,0.0
9975,NL_CCGT,2030,2,5,6,0.0
9976,NL_CCGT,2030,2,7,8,0.0
9977,NL_CCGT,2030,2,9,10,0.0
9978,NL_CCGT,2030,2,11,12,0.0
9979,NL_CCGT,2030,2,13,14,0.0
9980,NL_CCGT,2030,2,15,16,0.0
9981,NL_CCGT,2030,2,17,18,0.0
9982,NL_CCGT,2030,2,19,20,0.0
9983,NL_CCGT,2030,2,21,22,0.0
9984,NL_CCGT,2030,2,23,24,0.0
9985,NL_CCGT,2030,3,1,2,0.0
9986,NL_CCGT,2030,3,3,4,0.0
9987,NL_CCGT,2030,3,5,6,0.0
9988,NL_CCGT,2030,3,7,8,0.0
9989,NL_CCGT,2030,3,9,10,0.0
9990,NL_CCGT,2030,3,11,12,0.0
9991,NL_CCGT,2030,3,13,14,0.0
9992,NL_CCGT,2030,3,15,16,0.0
9993,NL_CCGT,2030,3,17,18,0.0
9994,NL_CCGT,2030,3,19,20,0.0
9995,NL_CCGT,2030,3,21,22,0.0
9996,NL_CCGT,2030,3,23,24,0.0
9997,NL_CCGT,2030,4,1,2,0.0
9998,NL_CCGT,2030,4,3,4,0.0
9999,NL_CCGT,2030,4,5,6,0.0
10000,NL_CCGT,2030,4,7,8,0.0
10001,NL_CCGT,2030,4,9,10,0.0
10002,NL_CCGT,2030,4,11,12,0.0
10003,NL_CCGT,2030,4,13,14,0.0
10004,NL_CCGT,2030,4,15,16,0.0
10005,NL_CCGT,2030,4,17,18,0.0
10006,NL_CCGT,2030,4,19,20,0.0
10007,NL_CCGT,2030,4,21,22,0.0
10008,NL_CCGT,2030,4,23,24,0.0
10009,NL_CCGT,2030,5,1,2,0.0
10010,NL_CCGT,2030,5,3,4,0.0
10011,NL_CCGT,2030,5,5,6,0.0
10012,NL_CCGT,2030,5,7,8,0.0
10013,NL_CCGT,2030,5,9,10,0.0
10014,NL_CCGT,2030,5,11,12,0.0
10015,NL_CCGT,2030,5,13,14,0.0
10016,NL_CCGT,2030,5,15,16,0.0
10017,NL_CCGT,2030,5,17,18,0.0
10018,NL_CCGT,2030,5,19,20,0.0
10019,NL_CCGT,2030,5,21,22,0.0
10020,NL_CCGT,2030,5,23,24,0.0
10021,NL_CCGT,2030,6,1,2,0.0
10022,NL_CCGT,2030,6,3,4,0.0
10023,NL_CCGT,2030,6,5,6,0.0
10024,NL_CCGT,2030,6,7,8,0.0
10025,NL_CCGT,2030,6,9,10,0.0
10026,NL_CCGT,2030,6,11,12,0.0
10027,NL_CCGT,2030,6,13,14,0.0
10028,NL_CCGT,2030,6,15,16,0.0
10029,NL_CCGT,2030,6,17,18,0.0
10030,NL_CCGT,2030,6,19,20,0.0
10031,NL_CCGT,2030,6,21,22,0.0
10032,NL_CCGT,2030,6,23,24,0.0
10033,NL_CCGT,2030,7,1,2,0.0
10034,NL_CCGT,2030,7,3,4,0.0
10035,NL_CCGT,2030,7,5,6,0.0
10036,NL_CCGT,2030,7,7,8,0.0
10037,NL_CCGT,2030,7,9,10,0.0
10038,NL_CCGT,2030,7,11,12,0.0
10039,NL_CCGT,2030,7,13,14,0.0
10040,NL_CCGT,2030,7,15,16,0.0
10041,NL_CCGT,2030,7,17,18,0.0
10042,NL_CCGT,2030,7,19,20,0.0
10043,NL_CCGT,2030,7,21,22,0.0
10044,NL_CCGT,2030,7,23,24,0.0
10045,NL_CCGT,2030,8,1,2,0.0
10046,NL_CCGT,2030,8,3,4,0.0
10047,NL_CCGT,2030,8,5,6,0.0
10048,NL_CCGT,2030,8,7,8,0.0
10049,NL_CCGT,2030,8,9,10,0.0
10050,NL_CCGT,2030,8,11,12,0.0
10051,NL_CCGT,2030,8,13,14,0.0
10052,NL_CCGT,2030,8,15,16,0.0
10053,NL_CCGT,2030,8,17,18,0.0
10054,NL_CCGT,2030,8,19,20,0.0
10055,NL_CCGT,2030,8,21,22,0.0
10056,NL_CCGT,2030,8,23,24,0.0
10057,NL_CCGT,2030,9,1,2,0.0
10058,NL_CCGT,2030,9,3,4,0.0
10059,NL_CCGT,2030,9,5,6,0.0
10060,NL_CCGT,2030,9,7,8,0.0
10061,NL_CCGT,2030,9,9,10,0.0
10062,NL_CCGT,2030,9,11,12,0.0
10063,NL_CCGT,2030,9,13,14,0.0
10064,NL_CCGT,2030,9,15,16,0.0
10065,NL_CCGT,2030,9,17,18,0.0
10066,NL_CCGT,2030,9,19,20,0.0
10067,NL_CCGT,2030,9,21,22,0.0
10068,NL_CCGT,2030,9,23,24,0.0
10069,NL_CCGT,2030,10,1,2,0.0
10070,NL_CCGT,2030,10,3,4,0.0
10071,NL_CCGT,2030,10,5,6,0.0
10072,NL_CCGT,2030,10,7,8,0.0
10073,NL_CCGT,2030,10,9,10,0.0
10074,NL_CCGT,2030,10,11,12,0.0
10075,NL_CCGT,2030,10,13,14,0.0
10076,NL_CCGT,2030,10,15,16,0.0
10077,NL_CCGT,2030,10,17,18,0.0
10078,NL_CCGT,2030,10,19,20,0.0
10079,NL_CCGT,2030,10,21,22,0.0
10080,NL_CCGT,2030,10,23,24,0.0
10081,NL_Coal,2030,1,1,2,0.0
10082,NL_Coal,2030,1,3,4,0.0
10083,NL_Coal,2030,1,5,6,0.0
10084,NL_Coal,2030,1,7,8,0.0
10085,NL_Coal,2030,1,9,10,0.0
10086,NL_Coal,2030,1,11,12,0.0
10087,NL_Coal,2030,1,13,14,0.0
10088,NL_Coal,2030,1,15,16,0.0
10089,NL_Coal,2030,1,17,18,0.0
10090,NL_Coal,2030,1,19,20,0.0
10091,NL_Coal,2030,1,21,22,0.0
10092,NL_Coal,2030,1,23,24,0.0
10093,NL_Coal,2030,2,1,2,0.0
10094,NL_Coal,2030,2,3,4,0.0
10095,NL_Coal,2030,2,5,6,0.0
10096,NL_Coal,2030,2,7,8,0.0
10097,NL_Coal,2030,2,9,10,0.0
10098,NL_Coal,2030,2,11,12,0.0
10099,NL_Coal,2030,2,13,14,0.0
10100,NL_Coal,2030,2,15,16,0.0
10101,NL_Coal,2030,2,17,18,0.0
10102,NL_Coal,2030,2,19,20,0.0
10103,NL_Coal,2030,2,21,22,0.0
10104,NL_Coal,2030,2,23,24,0.0
10105,NL_Coal,2030,3,1,2,0.0
10106,NL_Coal,2030,3,3,4,0.0
10107,NL_Coal,2030,3,5,6,0.0
10108,NL_Coal,2030,3,7,8,0.0
10109,NL_Coal,2030,3,9,10,0.0
10110,NL_Coal,2030,3,11,12,0.0
10111,NL_Coal,2030,3,13,14,0.0
10112,NL_Coal,2030,3,15,16,0.0
10113,NL_Coal,2030,3,17,18,0.0
10114,NL_Coal,2030,3,19,20,0.0
10115,NL_Coal,2030,3,21,22,0.0
10116,NL_Coal,2030,3,23,24,0.0
10117,NL_Coal,2030,4,1,2,0.0
10118,NL_Coal,2030,4,3,4,0.0
10119,NL_Coal,2030,4,5,6,0.0
10120,NL_Coal,2030,4,7,8,0.0
10121,NL_Coal,2030,4,9,10,0.0
10122,NL_Coal,2030,4,11,12,0.0
10123,NL_Coal,2030,4,13,14,0.0
10124,NL_Coal,2030,4,15,16,0.0
10125,NL_Coal,2030,4,17,18,-0.7038
10126,NL_Coal,2030,4,19,20,0.0
10127,NL_Coal,2030,4,21,22,0.0
10128,NL_Coal,2030,4,23,24,0.0
10129,NL_Coal,2030,5,1,2,0.0
10130,NL_Coal,2030,5,3,4,0.0
10131,NL_Coal,2030,5,5,6,0.0
10132,NL_Coal,2030,5,7,8,0.0
10133,NL_Coal,2030,5,9,10,0.0
10134,NL_Coal,2030,5,11,12,0.0
10135,NL_Coal,2030,5,13,14,0.0
10136,NL_Coal,2030,5,15,16,0.0
10137,NL_Coal,2030,5,17,18,0.0
10138,NL_Coal,2030,5,19,20,0.0
10139,NL_Coal,2030,5,21,22,0.0
10140,NL_Coal,2030,5,23,24,0.0
10141,NL_Coal,2030,6,1,2,0.0
10142,NL_Coal,2030,6,3,4,0.0
10143,NL_Coal,2030,6,5,6,0.0
10144,NL_Coal,2030,6,7,8,0.0
10145,NL_Coal,2030,6,9,10,0.0
10146,NL_Coal,2030,6,11,12,0.0
10147,NL_Coal,2030,6,13,14,0.0
10148,NL_Coal,2030,6,15,16,0.0
10149,NL_Coal,2030,6,17,18,0.0
10150,NL_Coal,2030,6,19,20,0.0
10151,NL_Coal,2030,6,21,22,0.0
10152,NL_Coal,2030,6,23,24,0.0
10153,NL_Coal,2030,7,1,2,0.0
10154,NL_Coal,2030,7,3,4,0.0
10155,NL_Coal,2030,7,5,6,0.0
10156,NL_Coal,2030,7,7,8,0.0
10157,NL_Coal,2030,7,9,10,0.0
10158,NL_Coal,2030,7,11,12,0.0
10159,NL_Coal,2030,7,13,14,0.0
10160,NL_Coal,2030,7,15,16,0.0
10161,NL_Coal,2030,7,17,18,0.0
10162,NL_Coal,2030,7,19,20,0.0
10163,NL_Coal,2030,7,21,22,0.0
10164,NL_Coal,2030,7,23,24,0.0
10165,NL_Coal,2030,8,1,2,0.0
10166,NL_Coal,2030,8,3,4,0.0
10167,NL_Coal,2030,8,5,6,0.0
10168,NL_Coal,2030,8,7,8,0.0
10169,NL_Coal,2030,8,9,10,0.0
10170,NL_Coal,2030,8,11,12,0.0
10171,NL_Coal,2030,8,13,14,0.0
10172,NL_Coal,2030,8,15,16,0.0
10173,NL_Coal,2030,8,17,18,0.0
10174,NL_Coal,2030,8,19,20,0.0
10175,NL_Coal,2030,8,21,22,0.0
10176,NL_Coal,2030,8,23,24,0.0
10177,NL_Coal,2030,9,1,2,0.0
10178,NL_Coal,2030,9,3,4,0.0
10179,NL_Coal,2030,9,5,6,0.0
10180,NL_Coal,2030,9,7,8,0.0
10181,NL_Coal,2030,9,9,10,0.0
10182,NL_Coal,2030,9,11,12,0.0
10183,NL_Coal,2030,9,13,14,0.0
10184,NL_Coal,2030,9,15,16,0.0
10185,NL_Coal,2030,9,17,18,0.0
10186,NL_Coal,2030,9,19,20,0.0
10187,NL_Coal,2030,9,21,22,0.0
10188,NL_Coal,2030,9,23,24,0.0
10189,NL_Coal,2030,10,1,2,0.0
10190,NL_Coal,2030,10,3,4,0.0
10191,NL_Coal,2030,10,5,6,0.0
10192,NL_Coal,2030,10,7,8,0.0
10193,NL_Coal,2030,10,9,10,0.0
10194,NL_Coal,2030,10,11,12,0.0
10195,NL_Coal,2030,10,13,14,0.0
10196,NL_Coal,2030,10,15,16,0.0
10197,NL_Coal,2030,10,17,18,0.0
10198,NL_Coal,2030,10,19,20,0.0
10199,NL_Coal,2030,10,21,22,0.0
10200,NL_Coal,2030,10,23,24,0.0
10201,MT_Coal,2030,1,1,2,0.0
10202,MT_Coal,2030,1,3,4,0.0
10203,MT_Coal,2030,1,5,6,0.0
10204,MT_Coal,2030,1,7,8,0.0
10205,MT_Coal,2030,1,9,10,0.0
10206,MT_Coal,2030,1,11,12,0.0
10207,MT_Coal,2030,1,13,14,0.0
10208,MT_Coal,2030,1,15,16,0.0
10209,MT_Coal,2030,1,17,18,0.0
10210,MT_Coal,2030,1,19,20,0.0
10211,MT_Coal,2030,1,21,22,0.0
10212,MT_Coal,2030,1,23,24,0.0
10213,MT_Coal,2030,2,1,2,0.0
10214,MT_Coal,2030,2,3,4,0.0
10215,MT_Coal,2030,2,5,6,0.0
10216,MT_Coal,2030,2,7,8,0.0
10217,MT_Coal,2030,2,9,10,0.0
10218,MT_Coal,2030,2,11,12,0.0
10219,MT_Coal,2030,2,13,14,0.0
10220,MT_Coal,2030,2,15,16,0.0
10221,MT_Coal,2030,2,17,18,0.0
10222,MT_Coal,2030,2,19,20,0.0
10223,MT_Coal,2030,2,21,22,0.0
10224,MT_Coal,2030,2,23,24,0.0
10225,MT_Coal,2030,3,1,2,0.0
10226,MT_Coal,2030,3,3,4,0.0
10227,MT_Coal,2030,3,5,6,0.0
10228,MT_Coal,2030,3,7,8,0.0
10229,MT_Coal,2030,3,9,10,0.0
10230,MT_Coal,2030,3,11,12,0.0
10231,MT_Coal,2030,3,13,14,0.0
10232,MT_Coal,2030,3,15,16,0.0
10233,MT_Coal,2030,3,17,18,0.0
10234,MT_Coal,2030,3,19,20,0.0
10235,MT_Coal,2030,3,21,22,0.0
10236,MT_Coal,2030,3,23,24,0.0
10237,MT_Coal,2030,4,1,2,0.0
10238,MT_Coal,2030,4,3,4,0.0
10239,MT_Coal,2030,4,5,6,0.0
10240,MT_Coal,2030,4,7,8,0.0
10241,MT_Coal,2030,4,9,10,0.0
10242,MT_Coal,2030,4,11,12,0.0
10243,MT_Coal,2030,4,13,14,0.0
10244,MT_Coal,2030,4,15,16,0.0
10245,MT_Coal,2030,4,17,18,0.0
10246,MT_Coal,2030,4,19,20,0.0
10247,MT_Coal,2030,4,21,22,0.0
10248,MT_Coal,2030,4,23,24,0.0
10249,MT_Coal,2030,5,1,2,0.0
10250,MT_Coal,2030,5,3,4,0.0
10251,MT_Coal,2030,5,5,6,0.0
10252,MT_Coal,2030,5,7,8,0.0
10253,MT_Coal,2030,5,9,10,0.0
10254,MT_Coal,2030,5,11,12,0.0
10255,MT_Coal,2030,5,13,14,0.0
10256,MT_Coal,2030,5,15,16,0.0
10257,MT_Coal,2030,5,17,18,0.0
10258,MT_Coal,2030,5,19,20,0.0
10259,MT_Coal,2030,5,21,22,0.0
10260,MT_Coal,2030,5,23,24,0.0
10261,MT_Coal,2030,6,1,2,0.0
10262,MT_Coal,2030,6,3,4,0.0
10263,MT_Coal,2030,6,5,6,0.0
10264,MT_Coal,2030,6,7,8,0.0
10265,MT_Coal,2030,6,9,10,0.0
10266,MT_Coal,2030,6,11,12,0.0
10267,MT_Coal,2030,6,13,14,0.0
10268,MT_Coal,2030,6,15,16,0.0
10269,MT_Coal,2030,6,17,18,0.0
10270,MT_Coal,2030,6,19,20,0.0
10271,MT_Coal,2030,6,21,22,0.0
10272,MT_Coal,2030,6,23,24,0.0
10273,MT_Coal,2030,7,1,2,0.0
10274,MT_Coal,2030,7,3,4,0.0
10275,MT_Coal,2030,7,5,6,0.0
10276,MT_Coal,2030,7,7,8,0.0
10277,MT_Coal,2030,7,9,10,0.0
10278,MT_Coal,2030,7,11,12,0.0
10279,MT_Coal,2030,7,13,14,0.0
10280,MT_Coal,2030,7,15,16,0.0
10281,MT_Coal,2030,7,17,18,0.0
10282,MT_Coal,2030,7,19,20,0.0
10283,MT_Coal,2030,7,21,22,0.0
10284,MT_Coal,2030,7,23,24,0.0
10285,MT_Coal,2030,8,1,2,0.0
10286,MT_Coal,2030,8,3,4,0.0
10287,MT_Coal,2030,8,5,6,0.0
10288,MT_Coal,2030,8,7,8,0.0
10289,MT_Coal,2030,8,9,10,0.0
10290,MT_Coal,2030,8,11,12,0.0
10291,MT_Coal,2030,8,13,14,0.0
10292,MT_Coal,2030,8,15,16,0.0
10293,MT_Coal,2030,8,17,18,0.0
10294,MT_Coal,2030,8,19,20,0.0
10295,MT_Coal,2030,8,21,22,0.0
10296,MT_Coal,2030,8,23,24,0.0
10297,MT_Coal,2030,9,1,2,0.0
10298,MT_Coal,2030,9,3,4,0.0
10299,MT_Coal,2030,9,5,6,0.0
10300,MT_Coal,2030,9,7,8,0.0
10301,MT_Coal,2030,9,9,10,0.0
10302,MT_Coal,2030,9,11,12,0.0
10303,MT_Coal,2030,9,13,14,0.0
10304,MT_Coal,2030,9,15,16,0.0
10305,MT_Coal,2030,9,17,18,0.0
10306,MT_Coal,2030,9,19,20,0.0
10307,MT_Coal,2030,9,21,22,0.0
10308,MT_Coal,2030,9,23,24,0.0
10309,MT_Coal,2030,10,1,2,0.0
10310,MT_Coal,2030,10,3,4,0.0
10311,MT_Coal,2030,10,5,6,0.0
10312,MT_Coal,2030,10,7,8,0.0
10313,MT_Coal,2030,10,9,10,0.0
10314,MT_Coal,2030,10,11,12,0.0
10315,MT_Coal,2030,10,13,14,0.0
10316,MT_Coal,2030,10,15,16,0.0
10317,MT_Coal,2030,10,17,18,0.0
10318,MT_Coal,2030,10,19,20,0.0
10319,MT_Coal,2030,10,21,22,0.0
10320,MT_Coal,2030,10,23,24,0.0
10321,NL_Nuclear,2030,1,1,2,0.0
10322,NL_Nuclear,2030,1,3,4,0.0
10323,NL_Nuclear,2030,1,5,6,0.0
10324,NL_Nuclear,2030,1,7,8,0.0
10325,NL_Nuclear,2030,1,9,10,0.0
10326,NL_Nuclear,2030,1,11,12,0.0
10327,NL_Nuclear,2030,1,13,14,0.0
10328,NL_Nuclear,2030,1,15,16,0.0
10329,NL_Nuclear,2030,1,17,18,0.0
10330,NL_Nuclear,2030,1,19,20,0.0
10331,NL_Nuclear,2030,1,21,22,0.0
10332,NL_Nuclear,2030,1,23,24,0.0
10333,NL_Nuclear,2030,2,1,2,0.0
10334,NL_Nuclear,2030,2,3,4,0.0
10335,NL_Nuclear,2030,2,5,6,0.0
10336,NL_Nuclear,2030,2,7,8,0.0
10337,NL_Nuclear,2030,2,9,10,0.0
10338,NL_Nuclear,2030,2,11,12,0.0
10339,NL_Nuclear,2030,2,13,14,0.0
10340,NL_Nuclear,2030,2,15,16,0.0
10341,NL_Nuclear,2030,2,17,18,0.0
10342,NL_Nuclear,2030,2,19,20,0.0
10343,NL_Nuclear,2030,2,21,22,0.0
10344,NL_Nuclear,2030,2,23,24,0.0
10345,NL_Nuclear,2030,3,1,2,0.0
10346,NL_Nuclear,2030,3,3,4,0.0
10347,NL_Nuclear,2030,3,5,6,0.0
10348,NL_Nuclear,2030,3,7,8,0.0
10349,NL_Nuclear,2030,3,9,10,0.0
10350,NL_Nuclear,2030,3,11,12,0.0
10351,NL_Nuclear,2030,3,13,14,0.0
10352,NL_Nuclear,2030,3,15,16,0.0
10353,NL_Nuclear,2030,3,17,18,0.0
10354,NL_Nuclear,2030,3,19,20,0.0
10355,NL_Nuclear,2030,3,21,22,0.0
10356,NL_Nuclear,2030,3,23,24,0.0
10357,NL_Nuclear,2030,4,1,2,0.0
10358,NL_Nuclear,2030,4,3,4,0.0
10359,NL_Nuclear,2030,4,5,6,0.0
10360,NL_Nuclear,2030,4,7,8,0.0
10361,NL_Nuclear,2030,4,9,10,0.0
10362,NL_Nuclear,2030,4,11,12,0.0
10363,NL_Nuclear,2030,4,13,14,0.0
10364,NL_Nuclear,2030,4,15,16,0.0
10365,NL_Nuclear,2030,4,17,18,0.0
10366,NL_Nuclear,2030,4,19,20,0.0
10367,NL_Nuclear,2030,4,21,22,0.0
10368,NL_Nuclear,2030,4,23,24,0.0
10369,NL_Nuclear,2030,5,1,2,0.0
10370,NL_Nuclear,2030,5,3,4,0.0
10371,NL_Nuclear,2030,5,5,6,0.0
10372,NL_Nuclear,2030,5,7,8,0.0
10373,NL_Nuclear,2030,5,9,10,0.0
10374,NL_Nuclear,2030,5,11,12,0.0
10375,NL_Nuclear,2030,5,13,14,0.0
10376,NL_Nuclear,2030,5,15,16,0.0
10377,NL_Nuclear,2030,5,17,18,0.0
10378,NL_Nuclear,2030,5,19,20,0.0
10379,NL_Nuclear,2030,5,21,22,0.0
10380,NL_Nuclear,2030,5,23,24,0.0
10381,NL_Nuclear,2030,6,1,2,0.0
10382,NL_Nuclear,2030,6,3,4,0.0
10383,NL_Nuclear,2030,6,5,6,0.0
10384,NL_Nuclear,2030,6,7,8,0.0
10385,NL_Nuclear,2030,6,9,10,0.0
10386,NL_Nuclear,2030,6,11,12,0.0
10387,NL_Nuclear,2030,6,13,14,0.0
10388,NL_Nuclear,2030,6,15,16,0.0
10389,NL_Nuclear,2030,6,17,18,0.0
10390,NL_Nuclear,2030,6,19,20,0.0
10391,NL_Nuclear,2030,6,21,22,0.0
10392,NL_Nuclear,2030,6,23,24,0.0
10393,NL_Nuclear,2030,7,1,2,0.0
10394,NL_Nuclear,2030,7,3,4,0.0
10395,NL_Nuclear,2030,7,5,6,0.0
10396,NL_Nuclear,2030,7,7,8,0.0
10397,NL_Nuclear,2030,7,9,10,0.0
10398,NL_Nuclear,2030,7,11,12,0.0
10399,NL_Nuclear,2030,7,13,14,0.0
10400,NL_Nuclear,2030,7,15,16,0.0
10401,NL_Nuclear,2030,7,17,18,0.0
10402,NL_Nuclear,2030,7,19,20,0.0
10403,NL_Nuclear,2030,7,21,22,0.0
10404,NL_Nuclear,2030,7,23,24,0.0
10405,NL_Nuclear,2030,8,1,2,0.0
10406,NL_Nuclear,2030,8,3,4,0.0
10407,NL_Nuclear,2030,8,5,6,0.0
10408,NL_Nuclear,2030,8,7,8,0.0
10409,NL_Nuclear,2030,8,9,10,0.0
10410,NL_Nuclear,2030,8,11,12,0.0
10411,NL_Nuclear,2030,8,13,14,0.0
10412,NL_Nuclear,2030,8,15,16,0.0
10413,NL_Nuclear,2030,8,17,18,0.0
10414,NL_Nuclear,2030,8,19,20,0.0
10415,NL_Nuclear,2030,8,21,22,0.0
10416,NL_Nuclear,2030,8,23,24,0.0
10417,NL_Nuclear,2030,9,1,2,0.0
10418,NL_Nuclear,2030,9,3,4,0.0
10419,NL_Nuclear,2030,9,5,6,0.0
10420,NL_Nuclear,2030,9,7,8,0.0
10421,NL_Nuclear,2030,9,9,10,0.0
10422,NL_Nuclear,2030,9,11,12,0.0
10423,NL_Nuclear,2030,9,13,14,0.0
10424,NL_Nuclear,2030,9,15,16,0.0
10425,NL_Nuclear,2030,9,17,18,0.0
10426,NL_Nuclear,2030,9,19,20,0.0
10427,NL_Nuclear,2030,9,21,22,0.0
10428,NL_Nuclear,2030,9,23,24,0.0
10429,NL_Nuclear,2030,10,1,2,0.0
10430,NL_Nuclear,2030,10,3,4,0.0
10431,NL_Nuclear,2030,10,5,6,0.0
10432,NL_Nuclear,2030,10,7,8,0.0
10433,NL_Nuclear,2030,10,9,10,0.0
10434,NL_Nuclear,2030,10,11,12,0.0
10435,NL_Nuclear,2030,10,13,14,0.0
10436,NL_Nuclear,2030,10,15,16,0.0
10437,NL_Nuclear,2030,10,17,18,0.0
10438,NL_Nuclear,2030,10,19,20,0.0
10439,NL_Nuclear,2030,10,21,22,0.0
10440,NL_Nuclear,2030,10,23,24,0.0
10441,NL_OCGT,2030,1,1,2,0.0
10442,NL_OCGT,2030,1,3,4,0.0
10443,NL_OCGT,2030,1,5,6,0.0
10444,NL_OCGT,2030,1,7,8,0.0
10445,NL_OCGT,2030,1,9,10,0.0
10446,NL_OCGT,2030,1,11,12,0.0
10447,NL_OCGT,2030,1,13,14,0.0
10448,NL_OCGT,2030,1,15,16,0.0
10449,NL_OCGT,2030,1,17,18,0.0
10450,NL_OCGT,2030,1,19,20,0.0
10451,NL_OCGT,2030,1,21,22,0.0
10452,NL_OCGT,2030,1,23,24,0.0
10453,NL_OCGT,2030,2,1,2,0.0
10454,NL_OCGT,2030,2,3,4,0.0
10455,NL_OCGT,2030,2,5,6,0.0
10456,NL_OCGT,2030,2,7,8,0.0
10457,NL_OCGT,2030,2,9,10,0.0
10458,NL_OCGT,2030,2,11,12,0.0
10459,NL_OCGT,2030,2,13,14,0.0
10460,NL_OCGT,2030,2,15,16,0.0
10461,NL_OCGT,2030,2,17,18,0.0
10462,NL_OCGT,2030,2,19,20,0.0
10463,NL_OCGT,2030,2,21,22,0.0
10464,NL_OCGT,2030,2,23,24,0.0
10465,NL_OCGT,2030,3,1,2,0.0
10466,NL_OCGT,2030,3,3,4,0.0
10467,NL_OCGT,2030,3,5,6,0.0
10468,NL_OCGT,2030,3,7,8,0.0
10469,NL_OCGT,2030,3,9,10,0.0
10470,NL_OCGT,2030,3,11,12,0.0
10471,NL_OCGT,2030,3,13,14,0.0
10472,NL_OCGT,2030,3,15,16,0.0
10473,NL_OCGT,2030,3,17,18,0.0
10474,NL_OCGT,2030,3,19,20,0.0
10475,NL_OCGT,2030,3,21,22,0.0
10476,NL_OCGT,2030,3,23,24,0.0
10477,NL_OCGT,2030,4,1,2,0.0
10478,NL_OCGT,2030,4,3,4,0.0
10479,NL_OCGT,2030,4,5,6,0.0
10480,NL_OCGT,2030,4,7,8,0.0
10481,NL_OCGT,2030,4,9,10,0.0
10482,NL_OCGT,2030,4,11,12,0.0
10483,NL_OCGT,2030,4,13,14,0.0
10484,NL_OCGT,2030,4,15,16,0.0
10485,NL_OCGT,2030,4,17,18,0.0
10486,NL_OCGT,2030,4,19,20,0.0
10487,NL_OCGT,2030,4,21,22,0.0
10488,NL_OCGT,2030,4,23,24,0.0
10489,NL_OCGT,2030,5,1,2,0.0
10490,NL_OCGT,2030,5,3,4,0.0
10491,NL_OCGT,2030,5,5,6,0.0
10492,NL_OCGT,2030,5,7,8,0.0
10493,NL_OCGT,2030,5,9,10,0.0
10494,NL_OCGT,2030,5,11,12,0.0
10495,NL_OCGT,2030,5,13,14,0.0
10496,NL_OCGT,2030,5,15,16,0.0
10497,NL_OCGT,2030,5,17,18,0.0
10498,NL_OCGT,2030,5,19,20,0.0
10499,NL_OCGT,2030,5,21,22,0.0
10500,NL_OCGT,2030,5,23,24,0.0
10501,NL_OCGT,2030,6,1,2,0.0
10502,NL_OCGT,2030,6,3,4,0.0
10503,NL_OCGT,2030,6,5,6,0.0
10504,NL_OCGT,2030,6,7,8,0.0
10505,NL_OCGT,2030,6,9,10,0.0
10506,NL_OCGT,2030,6,11,12,0.0
10507,NL_OCGT,2030,6,13,14,0.0
10508,NL_OCGT,2030,6,15,16,0.0
10509,NL_OCGT,2030,6,17,18,0.0
10510,NL_OCGT,2030,6,19,20,0.0
10511,NL_OCGT,2030,6,21,22,0.0
10512,NL_OCGT,2030,6,23,24,0.0
10513,NL_OCGT,2030,7,1,2,0.0
10514,NL_OCGT,2030,7,3,4,0.0
10515,NL_OCGT,2030,7,5,6,0.0
10516,NL_OCGT,2030,7,7,8,0.0
10517,NL_OCGT,2030,7,9,10,0.0
10518,NL_OCGT,2030,7,11,12,0.0
10519,NL_OCGT,2030,7,13,14,0.0
10520,NL_OCGT,2030,7,15,16,0.0
10521,NL_OCGT,2030,7,17,18,0.0
10522,NL_OCGT,2030,7,19,20,0.0
10523,NL_OCGT,2030,7,21,22,0.0
10524,NL_OCGT,2030,7,23,24,0.0
10525,NL_OCGT,2030,8,1,2,0.0
10526,NL_OCGT,2030,8,3,4,0.0
10527,NL_OCGT,2030,8,5,6,0.0
10528,NL_OCGT,2030,8,7,8,0.0
10529,NL_OCGT,2030,8,9,10,0.0
10530,NL_OCGT,2030,8,11,12,0.0
10531,NL_OCGT,2030,8,13,14,0.0
10532,NL_OCGT,2030,8,15,16,0.0
10533,NL_OCGT,2030,8,17,18,0.0
10534,NL_OCGT,2030,8,19,20,0.0
10535,NL_OCGT,2030,8,21,22,0.0
10536,NL_OCGT,2030,8,23,24,0.0
10537,NL_OCGT,2030,9,1,2,0.0
10538,NL_OCGT,2030,9,3,4,0.0
10539,NL_OCGT,2030,9,5,6,0.0
10540,NL_OCGT,2030,9,7,8,0.0
10541,NL_OCGT,2030,9,9,10,0.0
10542,NL_OCGT,2030,9,11,12,0.0
10543,NL_OCGT,2030,9,13,14,0.0
10544,NL_OCGT,2030,9,15,16,0.0
10545,NL_OCGT,2030,9,17,18,0.0
10546,NL_OCGT,2030,9,19,20,0.0
10547,NL_OCGT,2030,9,21,22,0.0
10548,NL_OCGT,2030,9,23,24,0.0
10549,NL_OCGT,2030,10,1,2,0.0
10550,NL_OCGT,2030,10,3,4,0.0
10551,NL_OCGT,2030,10,5,6,0.0
10552,NL_OCGT,2030,10,7,8,0.0
10553,NL_OCGT,2030,10,9,10,0.0
10554,NL_OCGT,2030,10,11,12,0.0
10555,NL_OCGT,2030,10,13,14,0.0
10556,NL_OCGT,2030,10,15,16,0.0
10557,NL_OCGT,2030,10,17,18,0.0
10558,NL_OCGT,2030,10,19,20,0.0
10559,NL_OCGT,2030,10,21,22,0.0
10560,NL_OCGT,2030,10,23,24,0.0
10561,NO_CCGT,2030,1,1,2,0.0
10562,NO_CCGT,2030,1,3,4,0.0
10563,NO_CCGT,2030,1,5,6,0.0
10564,NO_CCGT,2030,1,7,8,0.0
10565,NO_CCGT,2030,1,9,10,0.0
10566,NO_CCGT,2030,1,11,12,0.0
10567,NO_CCGT,2030,1,13,14,0.0
10568,NO_CCGT,2030,1,15,16,0.0
10569,NO_CCGT,2030,1,17,18,0.0
10570,NO_CCGT,2030,1,19,20,0.0
10571,NO_CCGT,2030,1,21,22,0.0
10572,NO_CCGT,2030,1,23,24,0.0
10573,NO_CCGT,2030,2,1,2,0.0
10574,NO_CCGT,2030,2,3,4,0.0
10575,NO_CCGT,2030,2,5,6,0.0
10576,NO_CCGT,2030,2,7,8,0.0
10577,NO_CCGT,2030,2,9,10,0.0
10578,NO_CCGT,2030,2,11,12,0.0
10579,NO_CCGT,2030,2,13,14,0.0
10580,NO_CCGT,2030,2,15,16,0.0
10581,NO_CCGT,2030,2,17,18,0.0
10582,NO_CCGT,2030,2,19,20,0.0
10583,NO_CCGT,2030,2,21,22,0.0
10584,NO_CCGT,2030,2,23,24,0.0
10585,NO_CCGT,2030,3,1,2,0.0
10586,NO_CCGT,2030,3,3,4,0.0
10587,NO_CCGT,2030,3,5,6,0.0
10588,NO_CCGT,2030,3,7,8,0.0
10589,NO_CCGT,2030,3,9,10,0.0
10590,NO_CCGT,2030,3,11,12,0.0
10591,NO_CCGT,2030,3,13,14,0.0
10592,NO_CCGT,2030,3,15,16,0.0
10593,NO_CCGT,2030,3,17,18,0.0
10594,NO_CCGT,2030,3,19,20,0.0
10595,NO_CCGT,2030,3,21,22,0.0
10596,NO_CCGT,2030,3,23,24,0.0
10597,NO_CCGT,2030,4,1,2,0.0
10598,NO_CCGT,2030,4,3,4,0.0
10599,NO_CCGT,2030,4,5,6,0.0
10600,NO_CCGT,2030,4,7,8,0.0
10601,NO_CCGT,2030,4,9,10,0.0
10602,NO_CCGT,2030,4,11,12,0.0
10603,NO_CCGT,2030,4,13,14,0.0
10604,NO_CCGT,2030,4,15,16,0.0
10605,NO_CCGT,2030,4,17,18,0.0
10606,NO_CCGT,2030,4,19,20,0.0
10607,NO_CCGT,2030,4,21,22,0.0
10608,NO_CCGT,2030,4,23,24,0.0
10609,NO_CCGT,2030,5,1,2,0.0
10610,NO_CCGT,2030,5,3,4,0.0
10611,NO_CCGT,2030,5,5,6,0.0
10612,NO_CCGT,2030,5,7,8,0.0
10613,NO_CCGT,2030,5,9,10,0.0
10614,NO_CCGT,2030,5,11,12,0.0
10615,NO_CCGT,2030,5,13,14,0.0
10616,NO_CCGT,2030,5,15,16,0.0
10617,NO_CCGT,2030,5,17,18,0.0
10618,NO_CCGT,2030,5,19,20,0.0
10619,NO_CCGT,2030,5,21,22,0.0
10620,NO_CCGT,2030,5,23,24,0.0
10621,NO_CCGT,2030,6,1,2,0.0
10622,NO_CCGT,2030,6,3,4,0.0
10623,NO_CCGT,2030,6,5,6,0.0
10624,NO_CCGT,2030,6,7,8,0.0
10625,NO_CCGT,2030,6,9,10,0.0
10626,NO_CCGT,2030,6,11,12,0.0
10627,NO_CCGT,2030,6,13,14,0.0
10628,NO_CCGT,2030,6,15,16,0.0
10629,NO_CCGT,2030,6,17,18,0.0
10630,NO_CCGT,2030,6,19,20,0.0
10631,NO_CCGT,2030,6,21,22,0.0
10632,NO_CCGT,2030,6,23,24,0.0
10633,NO_CCGT,2030,7,1,2,0.0
10634,NO_CCGT,2030,7,3,4,0.0
10635,NO_CCGT,2030,7,5,6,0.0
10636,NO_CCGT,2030,7,7,8,0.0
10637,NO_CCGT,2030,7,9,10,0.0
10638,NO_CCGT,2030,7,11,12,0.0
10639,NO_CCGT,2030,7,13,14,0.0
10640,NO_CCGT,2030,7,15,16,0.0
10641,NO_CCGT,2030,7,17,18,0.0
10642,NO_CCGT,2030,7,19,20,0.0
10643,NO_CCGT,2030,7,21,22,0.0
10644,NO_CCGT,2030,7,23,24,0.0
10645,NO_CCGT,2030,8,1,2,0.0
10646,NO_CCGT,2030,8,3,4,0.0
10647,NO_CCGT,2030,8,5,6,0.0
10648,NO_CCGT,2030,8,7,8,0.0
10649,NO_CCGT,2030,8,9,10,0.0
10650,NO_CCGT,2030,8,11,12,0.0
10651,NO_CCGT,2030,8,13,14,0.0
10652,NO_CCGT,2030,8,15,16,0.0
10653,NO_CCGT,2030,8,17,18,0.0
10654,NO_CCGT,2030,8,19,20,0.0
10655,NO_CCGT,2030,8,21,22,0.0
10656,NO_CCGT,2030,8,23,24,0.0
10657,NO_CCGT,2030,9,1,2,0.0
10658,NO_CCGT,2030,9,3,4,0.0
10659,NO_CCGT,2030,9,5,6,0.0
10660,NO_CCGT,2030,9,7,8,0.0
10661,NO_CCGT,2030,9,9,10,0.0
10662,NO_CCGT,2030,9,11,12,0.0
10663,NO_CCGT,2030,9,13,14,0.0
10664,NO_CCGT,2030,9,15,16,0.0
10665,NO_CCGT,2030,9,17,18,0.0
10666,NO_CCGT,2030,9,19,20,0.0
10667,NO_CCGT,2030,9,21,22,0.0
10668,NO_CCGT,2030,9,23,24,0.0
10669,NO_CCGT,2030,10,1,2,0.0
10670,NO_CCGT,2030,10,3,4,0.0
10671,NO_CCGT,2030,10,5,6,0.0
10672,NO_CCGT,2030,10,7,8,0.0
10673,NO_CCGT,2030,10,9,10,0.0
10674,NO_CCGT,2030,10,11,12,0.0
10675,NO_CCGT,2030,10,13,14,0.0
10676,NO_CCGT,2030,10,15,16,0.0
10677,NO_CCGT,2030,10,17,18,0.0
10678,NO_CCGT,2030,10,19,20,0.0
10679,NO_CCGT,2030,10,21,22,0.0
10680,NO_CCGT,2030,10,23,24,0.0
10681,NO_Coal,2030,1,1,2,0.0
10682,NO_Coal,2030,1,3,4,0.0
10683,NO_Coal,2030,1,5,6,0.0
10684,NO_Coal,2030,1,7,8,0.0
10685,NO_Coal,2030,1,9,10,0.0
10686,NO_Coal,2030,1,11,12,0.0
10687,NO_Coal,2030,1,13,14,0.0
10688,NO_Coal,2030,1,15,16,0.0
10689,NO_Coal,2030,1,17,18,0.0
10690,NO_Coal,2030,1,19,20,0.0
10691,NO_Coal,2030,1,21,22,0.0
10692,NO_Coal,2030,1,23,24,0.0
10693,NO_Coal,2030,2,1,2,0.0
10694,NO_Coal,2030,2,3,4,0.0
10695,NO_Coal,2030,2,5,6,0.0
10696,NO_Coal,2030,2,7,8,0.0
10697,NO_Coal,2030,2,9,10,0.0
10698,NO_Coal,2030,2,11,12,0.0
10699,NO_Coal,2030,2,13,14,0.0
10700,NO_Coal,2030,2,15,16,0.0
10701,NO_Coal,2030,2,17,18,0.0
10702,NO_Coal,2030,2,19,20,0.0
10703,NO_Coal,2030,2,21,22,0.0
10704,NO_Coal,2030,2,23,24,0.0
10705,NO_Coal,2030,3,1,2,0.0
10706,NO_Coal,2030,3,3,4,0.0
10707,NO_Coal,2030,3,5,6,0.0
10708,NO_Coal,2030,3,7,8,0.0
10709,NO_Coal,2030,3,9,10,0.0
10710,NO_Coal,2030,3,11,12,0.0
10711,NO_Coal,2030,3,13,14,0.0
10712,NO_Coal,2030,3,15,16,0.0
10713,NO_Coal,2030,3,17,18,0.0
10714,NO_Coal,2030,3,19,20,0.0
10715,NO_Coal,2030,3,21,22,0.0
10716,NO_Coal,2030,3,23,24,0.0
10717,NO_Coal,2030,4,1,2,0.0
10718,NO_Coal,2030,4,3,4,0.0
10719,NO_Coal,2030,4,5,6,0.0
10720,NO_Coal,2030,4,7,8,0.0
10721,NO_Coal,2030,4,9,10,0.0
10722,NO_Coal,2030,4,11,12,0.0
10723,NO_Coal,2030,4,13,14,0.0
10724,NO_Coal,2030,4,15,16,0.0
10725,NO_Coal,2030,4,17,18,0.0
10726,NO_Coal,2030,4,19,20,0.0
10727,NO_Coal,2030,4,21,22,0.0
10728,NO_Coal,2030,4,23,24,0.0
10729,NO_Coal,2030,5,1,2,0.0
10730,NO_Coal,2030,5,3,4,0.0
10731,NO_Coal,2030,5,5,6,0.0
10732,NO_Coal,2030,5,7,8,0.0
10733,NO_Coal,2030,5,9,10,0.0
10734,NO_Coal,2030,5,11,12,0.0
10735,NO_Coal,2030,5,13,14,0.0
10736,NO_Coal,2030,5,15,16,0.0
10737,NO_Coal,2030,5,17,18,0.0
10738,NO_Coal,2030,5,19,20,0.0
10739,NO_Coal,2030,5,21,22,0.0
10740,NO_Coal,2030,5,23,24,0.0
10741,NO_Coal,2030,6,1,2,0.0
10742,NO_Coal,2030,6,3,4,0.0
10743,NO_Coal,2030,6,5,6,0.0
10744,NO_Coal,2030,6,7,8,0.0
10745,NO_Coal,2030,6,9,10,0.0
10746,NO_Coal,2030,6,11,12,0.0
10747,NO_Coal,2030,6,13,14,0.0
10748,NO_Coal,2030,6,15,16,0.0
10749,NO_Coal,2030,6,17,18,0.0
10750,NO_Coal,2030,6,19,20,0.0
10751,NO_Coal,2030,6,21,22,0.0
10752,NO_Coal,2030,6,23,24,0.0
10753,NO_Coal,2030,7,1,2,0.0
10754,NO_Coal,2030,7,3,4,0.0
10755,NO_Coal,2030,7,5,6,0.0
10756,NO_Coal,2030,7,7,8,0.0
10757,NO_Coal,2030,7,9,10,0.0
10758,NO_Coal,2030,7,11,12,0.0
10759,NO_Coal,2030,7,13,14,0.0
10760,NO_Coal,2030,7,15,16,0.0
10761,NO_Coal,2030,7,17,18,0.0
10762,NO_Coal,2030,7,19,20,0.0
10763,NO_Coal,2030,7,21,22,0.0
10764,NO_Coal,2030,7,23,24,0.0
10765,NO_Coal,2030,8,1,2,0.0
10766,NO_Coal,2030,8,3,4,0.0
10767,NO_Coal,2030,8,5,6,0.0
10768,NO_Coal,2030,8,7,8,0.0
10769,NO_Coal,2030,8,9,10,0.0
10770,NO_Coal,2030,8,11,12,0.0
10771,NO_Coal,2030,8,13,14,0.0
10772,NO_Coal,2030,8,15,16,0.0
10773,NO_Coal,2030,8,17,18,0.0
10774,NO_Coal,2030,8,19,20,0.0
10775,NO_Coal,2030,8,21,22,0.0
10776,NO_Coal,2030,8,23,24,0.0
10777,NO_Coal,2030,9,1,2,0.0
10778,NO_Coal,2030,9,3,4,0.0
10779,NO_Coal,2030,9,5,6,0.0
10780,NO_Coal,2030,9,7,8,0.0
10781,NO_Coal,2030,9,9,10,0.0
10782,NO_Coal,2030,9,11,12,0.0
10783,NO_Coal,2030,9,13,14,0.0
10784,NO_Coal,2030,9,15,16,0.0
10785,NO_Coal,2030,9,17,18,0.0
10786,NO_Coal,2030,9,19,20,0.0
10787,NO_Coal,2030,9,21,22,0.0
10788,NO_Coal,2030,9,23,24,0.0
10789,NO_Coal,2030,10,1,2,0.0
10790,NO_Coal,2030,10,3,4,0.0
10791,NO_Coal,2030,10,5,6,0.0
10792,NO_Coal,2030,10,7,8,0.0
10793,NO_Coal,2030,10,9,10,0.0
10794,NO_Coal,2030,10,11,12,0.0
10795,NO_Coal,2030,10,13,14,0.0
10796,NO_Coal,2030,10,15,16,0.0
10797,NO_Coal,2030,10,17,18,0.0
10798,NO_Coal,2030,10,19,20,0.0
10799,NO_Coal,2030,10,21,22,0.0
10800,NO_Coal,2030,10,23,24,0.0
10801,NO_Nuclear,2030,1,1,2,0.0
10802,NO_Nuclear,2030,1,3,4,0.0
10803,NO_Nuclear,2030,1,5,6,0.0
10804,NO_Nuclear,2030,1,7,8,0.0
10805,NO_Nuclear,2030,1,9,10,0.0
10806,NO_Nuclear,2030,1,11,12,0.0
10807,NO_Nuclear,2030,1,13,14,0.0
10808,NO_Nuclear,2030,1,15,16,0.0
10809,NO_Nuclear,2030,1,17,18,0.0
10810,NO_Nuclear,2030,1,19,20,0.0
10811,NO_Nuclear,2030,1,21,22,0.0
10812,NO_Nuclear,2030,1,23,24,0.0
10813,NO_Nuclear,2030,2,1,2,0.0
10814,NO_Nuclear,2030,2,3,4,0.0
10815,NO_Nuclear,2030,2,5,6,0.0
10816,NO_Nuclear,2030,2,7,8,0.0
10817,NO_Nuclear,2030,2,9,10,0.0
10818,NO_Nuclear,2030,2,11,12,0.0
10819,NO_Nuclear,2030,2,13,14,0.0
10820,NO_Nuclear,2030,2,15,16,0.0
10821,NO_Nuclear,2030,2,17,18,0.0
10822,NO_Nuclear,2030,2,19,20,0.0
10823,NO_Nuclear,2030,2,21,22,0.0
10824,NO_Nuclear,2030,2,23,24,0.0
10825,NO_Nuclear,2030,3,1,2,0.0
10826,NO_Nuclear,2030,3,3,4,0.0
10827,NO_Nuclear,2030,3,5,6,0.0
10828,NO_Nuclear,2030,3,7,8,0.0
10829,NO_Nuclear,2030,3,9,10,0.0
10830,NO_Nuclear,2030,3,11,12,0.0
10831,NO_Nuclear,2030,3,13,14,0.0
10832,NO_Nuclear,2030,3,15,16,0.0
10833,NO_Nuclear,2030,3,17,18,0.0
10834,NO_Nuclear,2030,3,19,20,0.0
10835,NO_Nuclear,2030,3,21,22,0.0
10836,NO_Nuclear,2030,3,23,24,0.0
10837,NO_Nuclear,2030,4,1,2,0.0
10838,NO_Nuclear,2030,4,3,4,0.0
10839,NO_Nuclear,2030,4,5,6,0.0
10840,NO_Nuclear,2030,4,7,8,0.0
10841,NO_Nuclear,2030,4,9,10,0.0
10842,NO_Nuclear,2030,4,11,12,0.0
10843,NO_Nuclear,2030,4,13,14,0.0
10844,NO_Nuclear,2030,4,15,16,0.0
10845,NO_Nuclear,2030,4,17,18,0.0
10846,NO_Nuclear,2030,4,19,20,0.0
10847,NO_Nuclear,2030,4,21,22,0.0
10848,NO_Nuclear,2030,4,23,24,0.0
10849,NO_Nuclear,2030,5,1,2,0.0
10850,NO_Nuclear,2030,5,3,4,0.0
10851,NO_Nuclear,2030,5,5,6,0.0
10852,NO_Nuclear,2030,5,7,8,0.0
10853,NO_Nuclear,2030,5,9,10,0.0
10854,NO_Nuclear,2030,5,11,12,0.0
10855,NO_Nuclear,2030,5,13,14,0.0
10856,NO_Nuclear,2030,5,15,16,0.0
10857,NO_Nuclear,2030,5,17,18,0.0
10858,NO_Nuclear,2030,5,19,20,0.0
10859,NO_Nuclear,2030,5,21,22,0.0
10860,NO_Nuclear,2030,5,23,24,0.0
10861,NO_Nuclear,2030,6,1,2,0.0
10862,NO_Nuclear,2030,6,3,4,0.0
10863,NO_Nuclear,2030,6,5,6,0.0
10864,NO_Nuclear,2030,6,7,8,0.0
10865,NO_Nuclear,2030,6,9,10,0.0
10866,NO_Nuclear,2030,6,11,12,0.0
10867,NO_Nuclear,2030,6,13,14,0.0
10868,NO_Nuclear,2030,6,15,16,0.0
10869,NO_Nuclear,2030,6,17,18,0.0
10870,NO_Nuclear,2030,6,19,20,0.0
10871,NO_Nuclear,2030,6,21,22,0.0
10872,NO_Nuclear,2030,6,23,24,0.0
10873,NO_Nuclear,2030,7,1,2,0.0
10874,NO_Nuclear,2030,7,3,4,0.0
10875,NO_Nuclear,2030,7,5,6,0.0
10876,NO_Nuclear,2030,7,7,8,0.0
10877,NO_Nuclear,2030,7,9,10,0.0
10878,NO_Nuclear,2030,7,11,12,0.0
10879,NO_Nuclear,2030,7,13,14,0.0
10880,NO_Nuclear,2030,7,15,16,0.0
10881,NO_Nuclear,2030,7,17,18,0.0
10882,NO_Nuclear,2030,7,19,20,0.0
10883,NO_Nuclear,2030,7,21,22,0.0
10884,NO_Nuclear,2030,7,23,24,0.0
10885,NO_Nuclear,2030,8,1,2,0.0
10886,NO_Nuclear,2030,8,3,4,0.0
10887,NO_Nuclear,2030,8,5,6,0.0
10888,NO_Nuclear,2030,8,7,8,0.0
10889,NO_Nuclear,2030,8,9,10,0.0
10890,NO_Nuclear,2030,8,11,12,0.0
10891,NO_Nuclear,2030,8,13,14,0.0
10892,NO_Nuclear,2030,8,15,16,0.0
10893,NO_Nuclear,2030,8,17,18,0.0
10894,NO_Nuclear,2030,8,19,20,0.0
10895,NO_Nuclear,2030,8,21,22,0.0
10896,NO_Nuclear,2030,8,23,24,0.0
10897,NO_Nuclear,2030,9,1,2,0.0
10898,NO_Nuclear,2030,9,3,4,0.0
10899,NO_Nuclear,2030,9,5,6,0.0
10900,NO_Nuclear,2030,9,7,8,0.0
10901,NO_Nuclear,2030,9,9,10,0.0
10902,NO_Nuclear,2030,9,11,12,0.0
10903,NO_Nuclear,2030,9,13,14,0.0
10904,NO_Nuclear,2030,9,15,16,0.0
10905,NO_Nuclear,2030,9,17,18,0.0
10906,NO_Nuclear,2030,9,19,20,0.0
10907,NO_Nuclear,2030,9,21,22,0.0
10908,NO_Nuclear,2030,9,23,24,0.0
10909,NO_Nuclear,2030,10,1,2,0.0
10910,NO_Nuclear,2030,10,3,4,0.0
10911,NO_Nuclear,2030,10,5,6,0.0
10912,NO_Nuclear,2030,10,7,8,0.0
10913,NO_Nuclear,2030,10,9,10,0.0
10914,NO_Nuclear,2030,10,11,12,0.0
10915,NO_Nuclear,2030,10,13,14,0.0
10916,NO_Nuclear,2030,10,15,16,0.0
10917,NO_Nuclear,2030,10,17,18,0.0
10918,NO_Nuclear,2030,10,19,20,0.0
10919,NO_Nuclear,2030,10,21,22,0.0
10920,NO_Nuclear,2030,10,23,24,0.0
10921,NO_OCGT,2030,1,1,2,0.0
10922,NO_OCGT,2030,1,3,4,0.0
10923,NO_OCGT,2030,1,5,6,0.0
10924,NO_OCGT,2030,1,7,8,0.0
10925,NO_OCGT,2030,1,9,10,0.0
10926,NO_OCGT,2030,1,11,12,0.0
10927,NO_OCGT,2030,1,13,14,0.0
10928,NO_OCGT,2030,1,15,16,0.0
10929,NO_OCGT,2030,1,17,18,0.0
10930,NO_OCGT,2030,1,19,20,0.0
10931,NO_OCGT,2030,1,21,22,0.0
10932,NO_OCGT,2030,1,23,24,0.0
10933,NO_OCGT,2030,2,1,2,0.0
10934,NO_OCGT,2030,2,3,4,0.0
10935,NO_OCGT,2030,2,5,6,0.0
10936,NO_OCGT,2030,2,7,8,0.0
10937,NO_OCGT,2030,2,9,10,0.0
10938,NO_OCGT,2030,2,11,12,0.0
10939,NO_OCGT,2030,2,13,14,0.0
10940,NO_OCGT,2030,2,15,16,0.0
10941,NO_OCGT,2030,2,17,18,0.0
10942,NO_OCGT,2030,2,19,20,0.0
10943,NO_OCGT,2030,2,21,22,0.0
10944,NO_OCGT,2030,2,23,24,0.0
10945,NO_OCGT,2030,3,1,2,0.0
10946,NO_OCGT,2030,3,3,4,0.0
10947,NO_OCGT,2030,3,5,6,0.0
10948,NO_OCGT,2030,3,7,8,0.0
10949,NO_OCGT,2030,3,9,10,0.0
10950,NO_OCGT,2030,3,11,12,0.0
10951,NO_OCGT,2030,3,13,14,0.0
10952,NO_OCGT,2030,3,15,16,0.0
10953,NO_OCGT,2030,3,17,18,0.0
10954,NO_OCGT,2030,3,19,20,0.0
10955,NO_OCGT,2030,3,21,22,0.0
10956,NO_OCGT,2030,3,23,24,0.0
10957,NO_OCGT,2030,4,1,2,0.0
10958,NO_OCGT,2030,4,3,4,0.0
10959,NO_OCGT,2030,4,5,6,0.0
10960,NO_OCGT,2030,4,7,8,0.0
10961,NO_OCGT,2030,4,9,10,0.0
10962,NO_OCGT,2030,4,11,12,0.0
10963,NO_OCGT,2030,4,13,14,0.0
10964,NO_OCGT,2030,4,15,16,0.0
10965,NO_OCGT,2030,4,17,18,0.0
10966,NO_OCGT,2030,4,19,20,0.0
10967,NO_OCGT,2030,4,21,22,0.0
10968,NO_OCGT,2030,4,23,24,0.0
10969,NO_OCGT,2030,5,1,2,0.0
10970,NO_OCGT,2030,5,3,4,0.0
10971,NO_OCGT,2030,5,5,6,0.0
10972,NO_OCGT,2030,5,7,8,0.0
10973,NO_OCGT,2030,5,9,10,0.0
10974,NO_OCGT,2030,5,11,12,0.0
10975,NO_OCGT,2030,5,13,14,0.0
10976,NO_OCGT,2030,5,15,16,0.0
10977,NO_OCGT,2030,5,17,18,0.0
10978,NO_OCGT,2030,5,19,20,0.0
10979,NO_OCGT,2030,5,21,22,0.0
10980,NO_OCGT,2030,5,23,24,0.0
10981,NO_OCGT,2030,6,1,2,0.0
10982,NO_OCGT,2030,6,3,4,0.0
10983,NO_OCGT,2030,6,5,6,0.0
10984,NO_OCGT,2030,6,7,8,0.0
10985,NO_OCGT,2030,6,9,10,0.0
10986,NO_OCGT,2030,6,11,12,0.0
10987,NO_OCGT,2030,6,13,14,0.0
10988,NO_OCGT,2030,6,15,16,0.0
10989,NO_OCGT,2030,6,17,18,0.0
10990,NO_OCGT,2030,6,19,20,0.0
10991,NO_OCGT,2030,6,21,22,0.0
10992,NO_OCGT,2030,6,23,24,0.0
10993,NO_OCGT,2030,7,1,2,0.0
10994,NO_OCGT,2030,7,3,4,0.0
10995,NO_OCGT,2030,7,5,6,0.0
10996,NO_OCGT,2030,7,7,8,0.0
10997,NO_OCGT,2030,7,9,10,0.0
10998,NO_OCGT,2030,7,11,12,0.0
10999,NO_OCGT,2030,7,13,14,0.0
11000,NO_OCGT,2030,7,15,16,0.0
11001,NO_OCGT,2030,7,17,18,0.0
11002,NO_OCGT,2030,7,19,20,0.0
11003,NO_OCGT,2030,7,21,22,0.0
11004,NO_OCGT,2030,7,23,24,0.0
11005,NO_OCGT,2030,8,1,2,0.0
11006,NO_OCGT,2030,8,3,4,0.0
11007,NO_OCGT,2030,8,5,6,0.0
11008,NO_OCGT,2030,8,7,8,0.0
11009,NO_OCGT,2030,8,9,10,0.0
11010,NO_OCGT,2030,8,11,12,0.0
11011,NO_OCGT,2030,8,13,14,0.0
11012,NO_OCGT,2030,8,15,16,0.0
11013,NO_OCGT,2030,8,17,18,0.0
11014,NO_OCGT,2030,8,19,20,0.0
11015,NO_OCGT,2030,8,21,22,0.0
11016,NO_OCGT,2030,8,23,24,0.0
11017,NO_OCGT,2030,9,1,2,0.0
11018,NO_OCGT,2030,9,3,4,0.0
11019,NO_OCGT,2030,9,5,6,0.0
11020,NO_OCGT,2030,9,7,8,0.0
11021,NO_OCGT,2030,9,9,10,0.0
11022,NO_OCGT,2030,9,11,12,0.0
11023,NO_OCGT,2030,9,13,14,0.0
11024,NO_OCGT,2030,9,15,16,0.0
11025,NO_OCGT,2030,9,17,18,0.0
11026,NO_OCGT,2030,9,19,20,0.0
11027,NO_OCGT,2030,9,21,22,0.0
11028,NO_OCGT,2030,9,23,24,0.0
11029,NO_OCGT,2030,10,1,2,0.0
11030,NO_OCGT,2030,10,3,4,0.0
11031,NO_OCGT,2030,10,5,6,0.0
11032,NO_OCGT,2030,10,7,8,0.0
11033,NO_OCGT,2030,10,9,10,0.0
11034,NO_OCGT,2030,10,11,12,0.0
11035,NO_OCGT,2030,10,13,14,0.0
11036,NO_OCGT,2030,10,15,16,0.0
11037,NO_OCGT,2030,10,17,18,0.0
11038,NO_OCGT,2030,10,19,20,0.0
11039,NO_OCGT,2030,10,21,22,0.0
11040,NO_OCGT,2030,10,23,24,0.0
11041,PL_CCGT,2030,1,1,2,0.0
11042,PL_CCGT,2030,1,3,4,0.0
11043,PL_CCGT,2030,1,5,6,0.0
11044,PL_CCGT,2030,1,7,8,0.0
11045,PL_CCGT,2030,1,9,10,0.0
11046,PL_CCGT,2030,1,11,12,0.0
11047,PL_CCGT,2030,1,13,14,0.0
11048,PL_CCGT,2030,1,15,16,0.0
11049,PL_CCGT,2030,1,17,18,0.0
11050,PL_CCGT,2030,1,19,20,0.0
11051,PL_CCGT,2030,1,21,22,0.0
11052,PL_CCGT,2030,1,23,24,0.0
11053,PL_CCGT,2030,2,1,2,0.0
11054,PL_CCGT,2030,2,3,4,0.0
11055,PL_CCGT,2030,2,5,6,0.0
11056,PL_CCGT,2030,2,7,8,0.0
11057,PL_CCGT,2030,2,9,10,0.0
11058,PL_CCGT,2030,2,11,12,0.0
11059,PL_CCGT,2030,2,13,14,0.0
11060,PL_CCGT,2030,2,15,16,0.0
11061,PL_CCGT,2030,2,17,18,0.0
11062,PL_CCGT,2030,2,19,20,0.0
11063,PL_CCGT,2030,2,21,22,0.0
11064,PL_CCGT,2030,2,23,24,0.0
11065,PL_CCGT,2030,3,1,2,0.0
11066,PL_CCGT,2030,3,3,4,0.0
11067,PL_CCGT,2030,3,5,6,0.0
11068,PL_CCGT,2030,3,7,8,0.0
11069,PL_CCGT,2030,3,9,10,0.0
11070,PL_CCGT,2030,3,11,12,0.0
11071,PL_CCGT,2030,3,13,14,0.0
11072,PL_CCGT,2030,3,15,16,0.0
11073,PL_CCGT,2030,3,17,18,0.0
11074,PL_CCGT,2030,3,19,20,0.0
11075,PL_CCGT,2030,3,21,22,0.0
11076,PL_CCGT,2030,3,23,24,0.0
11077,PL_CCGT,2030,4,1,2,0.0
11078,PL_CCGT,2030,4,3,4,0.0
11079,PL_CCGT,2030,4,5,6,0.0
11080,PL_CCGT,2030,4,7,8,0.0
11081,PL_CCGT,2030,4,9,10,0.0
11082,PL_CCGT,2030,4,11,12,0.0
11083,PL_CCGT,2030,4,13,14,0.0
11084,PL_CCGT,2030,4,15,16,0.0
11085,PL_CCGT,2030,4,17,18,0.0
11086,PL_CCGT,2030,4,19,20,0.0
11087,PL_CCGT,2030,4,21,22,0.0
11088,PL_CCGT,2030,4,23,24,0.0
11089,PL_CCGT,2030,5,1,2,0.0
11090,PL_CCGT,2030,5,3,4,0.0
11091,PL_CCGT,2030,5,5,6,0.0
11092,PL_CCGT,2030,5,7,8,0.0
11093,PL_CCGT,2030,5,9,10,0.0
11094,PL_CCGT,2030,5,11,12,0.0
11095,PL_CCGT,2030,5,13,14,0.0
11096,PL_CCGT,2030,5,15,16,0.0
11097,PL_CCGT,2030,5,17,18,0.0
11098,PL_CCGT,2030,5,19,20,0.0
11099,PL_CCGT,2030,5,21,22,0.0
11100,PL_CCGT,2030,5,23,24,0.0
11101,PL_CCGT,2030,6,1,2,0.0
11102,PL_CCGT,2030,6,3,4,0.0
11103,PL_CCGT,2030,6,5,6,0.0
11104,PL_CCGT,2030,6,7,8,0.0
11105,PL_CCGT,2030,6,9,10,0.0
11106,PL_CCGT,2030,6,11,12,0.0
11107,PL_CCGT,2030,6,13,14,0.0
11108,PL_CCGT,2030,6,15,16,0.0
11109,PL_CCGT,2030,6,17,18,0.0
11110,PL_CCGT,2030,6,19,20,0.0
11111,PL_CCGT,2030,6,21,22,0.0
11112,PL_CCGT,2030,6,23,24,0.0
11113,PL_CCGT,2030,7,1,2,0.0
11114,PL_CCGT,2030,7,3,4,0.0
11115,PL_CCGT,2030,7,5,6,0.0
11116,PL_CCGT,2030,7,7,8,0.0
11117,PL_CCGT,2030,7,9,10,0.0
11118,PL_CCGT,2030,7,11,12,0.0
11119,PL_CCGT,2030,7,13,14,0.0
11120,PL_CCGT,2030,7,15,16,0.0
11121,PL_CCGT,2030,7,17,18,0.0
11122,PL_CCGT,2030,7,19,20,0.0
11123,PL_CCGT,2030,7,21,22,0.0
11124,PL_CCGT,2030,7,23,24,0.0
11125,PL_CCGT,2030,8,1,2,0.0
11126,PL_CCGT,2030,8,3,4,0.0
11127,PL_CCGT,2030,8,5,6,0.0
11128,PL_CCGT,2030,8,7,8,0.0
11129,PL_CCGT,2030,8,9,10,0.0
11130,PL_CCGT,2030,8,11,12,0.0
11131,PL_CCGT,2030,8,13,14,0.0
11132,PL_CCGT,2030,8,15,16,0.0
11133,PL_CCGT,2030,8,17,18,0.0
11134,PL_CCGT,2030,8,19,20,0.0
11135,PL_CCGT,2030,8,21,22,0.0
11136,PL_CCGT,2030,8,23,24,0.0
11137,PL_CCGT,2030,9,1,2,0.0
11138,PL_CCGT,2030,9,3,4,0.0
11139,PL_CCGT,2030,9,5,6,0.0
11140,PL_CCGT,2030,9,7,8,0.0
11141,PL_CCGT,2030,9,9,10,0.0
11142,PL_CCGT,2030,9,11,12,0.0
11143,PL_CCGT,2030,9,13,14,0.0
11144,PL_CCGT,2030,9,15,16,0.0
11145,PL_CCGT,2030,9,17,18,0.0
11146,PL_CCGT,2030,9,19,20,0.0
11147,PL_CCGT,2030,9,21,22,0.0
11148,PL_CCGT,2030,9,23,24,0.0
11149,PL_CCGT,2030,10,1,2,0.0
11150,PL_CCGT,2030,10,3,4,0.0
11151,PL_CCGT,2030,10,5,6,0.0
11152,PL_CCGT,2030,10,7,8,0.0
11153,PL_CCGT,2030,10,9,10,0.0
11154,PL_CCGT,2030,10,11,12,0.0
11155,PL_CCGT,2030,10,13,14,0.0
11156,PL_CCGT,2030,10,15,16,0.0
11157,PL_CCGT,2030,10,17,18,0.0
11158,PL_CCGT,2030,10,19,20,0.0
11159,PL_CCGT,2030,10,21,22,0.0
11160,PL_CCGT,2030,10,23,24,0.0
11161,PL_Coal,2030,1,1,2,0.0
11162,PL_Coal,2030,1,3,4,0.0
11163,PL_Coal,2030,1,5,6,0.0
11164,PL_Coal,2030,1,7,8,0.0
11165,PL_Coal,2030,1,9,10,0.0
11166,PL_Coal,2030,1,11,12,0.0
11167,PL_Coal,2030,1,13,14,0.0
11168,PL_Coal,2030,1,15,16,0.0
11169,PL_Coal,2030,1,17,18,0.0
11170,PL_Coal,2030,1,19,20,0.0
11171,PL_Coal,2030,1,21,22,0.0
11172,PL_Coal,2030,1,23,24,0.0
11173,PL_Coal,2030,2,1,2,0.0
11174,PL_Coal,2030,2,3,4,0.0
11175,PL_Coal,2030,2,5,6,0.0
11176,PL_Coal,2030,2,7,8,0.0
11177,PL_Coal,2030,2,9,10,0.0
11178,PL_Coal,2030,2,11,12,0.0
11179,PL_Coal,2030,2,13,14,0.0
11180,PL_Coal,2030,2,15,16,0.0
11181,PL_Coal,2030,2,17,18,0.0
11182,PL_Coal,2030,2,19,20,0.0
11183,PL_Coal,2030,2,21,22,0.0
11184,PL_Coal,2030,2,23,24,0.0
11185,PL_Coal,2030,3,1,2,0.0
11186,PL_Coal,2030,3,3,4,0.0
11187,PL_Coal,2030,3,5,6,0.0
11188,PL_Coal,2030,3,7,8,0.0
11189,PL_Coal,2030,3,9,10,0.0
11190,PL_Coal,2030,3,11,12,0.0
11191,PL_Coal,2030,3,13,14,0.0
11192,PL_Coal,2030,3,15,16,0.0
11193,PL_Coal,2030,3,17,18,0.0
11194,PL_Coal,2030,3,19,20,0.0
11195,PL_Coal,2030,3,21,22,0.0
11196,PL_Coal,2030,3,23,24,0.0
11197,PL_Coal,2030,4,1,2,0.0
11198,PL_Coal,2030,4,3,4,0.0
11199,PL_Coal,2030,4,5,6,0.0
11200,PL_Coal,2030,4,7,8,0.0
11201,PL_Coal,2030,4,9,10,0.0
11202,PL_Coal,2030,4,11,12,0.0
11203,PL_Coal,2030,4,13,14,0.0
11204,PL_Coal,2030,4,15,16,0.0
11205,PL_Coal,2030,4,17,18,0.0
11206,PL_Coal,2030,4,19,20,0.0
11207,PL_Coal,2030,4,21,22,0.0
11208,PL_Coal,2030,4,23,24,0.0
11209,PL_Coal,2030,5,1,2,0.0
11210,PL_Coal,2030,5,3,4,0.0
11211,PL_Coal,2030,5,5,6,0.0
11212,PL_Coal,2030,5,7,8,0.0
11213,PL_Coal,2030,5,9,10,0.0
11214,PL_Coal,2030,5,11,12,0.0
11215,PL_Coal,2030,5,13,14,0.0
11216,PL_Coal,2030,5,15,16,0.0
11217,PL_Coal,2030,5,17,18,0.0
11218,PL_Coal,2030,5,19,20,0.0
11219,PL_Coal,2030,5,21,22,0.0
11220,PL_Coal,2030,5,23,24,0.0
11221,PL_Coal,2030,6,1,2,0.0
11222,PL_Coal,2030,6,3,4,0.0
11223,PL_Coal,2030,6,5,6,0.0
11224,PL_Coal,2030,6,7,8,0.0
11225,PL_Coal,2030,6,9,10,0.0
11226,PL_Coal,2030,6,11,12,0.0
11227,PL_Coal,2030,6,13,14,0.0
11228,PL_Coal,2030,6,15,16,0.0
11229,PL_Coal,2030,6,17,18,0.0
11230,PL_Coal,2030,6,19,20,0.0
11231,PL_Coal,2030,6,21,22,0.0
11232,PL_Coal,2030,6,23,24,0.0
11233,PL_Coal,2030,7,1,2,0.0
11234,PL_Coal,2030,7,3,4,0.0
11235,PL_Coal,2030,7,5,6,0.0
11236,PL_Coal,2030,7,7,8,0.0
11237,PL_Coal,2030,7,9,10,0.0
11238,PL_Coal,2030,7,11,12,-1.1322
11239,PL_Coal,2030,7,13,14,0.0
11240,PL_Coal,2030,7,15,16,0.0
11241,PL_Coal,2030,7,17,18,0.0
11242,PL_Coal,2030,7,19,20,0.0
11243,PL_Coal,2030,7,21,22,0.0
11244,PL_Coal,2030,7,23,24,0.0
11245,PL_Coal,2030,8,1,2,0.0
11246,PL_Coal,2030,8,3,4,0.0
11247,PL_Coal,2030,8,5,6,0.0
11248,PL_Coal,2030,8,7,8,0.0
11249,PL_Coal,2030,8,9,10,0.0
11250,PL_Coal,2030,8,11,12,0.0
11251,PL_Coal,2030,8,13,14,0.0
11252,PL_Coal,2030,8,15,16,0.0
11253,PL_Coal,2030,8,17,18,0.0
11254,PL_Coal,2030,8,19,20,0.0
11255,PL_Coal,2030,8,21,22,0.0
11256,PL_Coal,2030,8,23,24,0.0
11257,PL_Coal,2030,9,1,2,0.0
11258,PL_Coal,2030,9,3,4,0.0
11259,PL_Coal,2030,9,5,6,0.0
11260,PL_Coal,2030,9,7,8,0.0
11261,PL_Coal,2030,9,9,10,0.0
11262,PL_Coal,2030,9,11,12,0.0
11263,PL_Coal,2030,9,13,14,0.0
11264,PL_Coal,2030,9,15,16,0.0
11265,PL_Coal,2030,9,17,18,0.0
11266,PL_Coal,2030,9,19,20,0.0
11267,PL_Coal,2030,9,21,22,0.0
11268,PL_Coal,2030,9,23,24,0.0
11269,PL_Coal,2030,10,1,2,0.0
11270,PL_Coal,2030,10,3,4,0.0
11271,PL_Coal,2030,10,5,6,0.0
11272,PL_Coal,2030,10,7,8,0.0
11273,PL_Coal,2030,10,9,10,0.0
11274,PL_Coal,2030,10,11,12,0.0
11275,PL_Coal,2030,10,13,14,0.0
11276,PL_Coal,2030,10,15,16,0.0
11277,PL_Coal,2030,10,17,18,0.0
11278,PL_Coal,2030,10,19,20,0.0
11279,PL_Coal,2030,10,21,22,0.0
11280,PL_Coal,2030,10,23,24,0.0
11281,PL_Nuclear,2030,1,1,2,0.0
11282,PL_Nuclear,2030,1,3,4,0.0
11283,PL_Nuclear,2030,1,5,6,0.0
11284,PL_Nuclear,2030,1,7,8,0.0
11285,PL_Nuclear,2030,1,9,10,0.0
11286,PL_Nuclear,2030,1,11,12,0.0
11287,PL_Nuclear,2030,1,13,14,0.0
11288,PL_Nuclear,2030,1,15,16,0.0
11289,PL_Nuclear,2030,1,17,18,0.0
11290,PL_Nuclear,2030,1,19,20,0.0
11291,PL_Nuclear,2030,1,21,22,0.0
11292,PL_Nuclear,2030,1,23,24,0.0
11293,PL_Nuclear,2030,2,1,2,0.0
11294,PL_Nuclear,2030,2,3,4,0.0
11295,PL_Nuclear,2030,2,5,6,0.0
11296,PL_Nuclear,2030,2,7,8,0.0
11297,PL_Nuclear,2030,2,9,10,0.0
11298,PL_Nuclear,2030,2,11,12,0.0
11299,PL_Nuclear,2030,2,13,14,0.0
11300,PL_Nuclear,2030,2,15,16,0.0
11301,PL_Nuclear,2030,2,17,18,0.0
11302,PL_Nuclear,2030,2,19,20,0.0
11303,PL_Nuclear,2030,2,21,22,0.0
11304,PL_Nuclear,2030,2,23,24,0.0
11305,PL_Nuclear,2030,3,1,2,0.0
11306,PL_Nuclear,2030,3,3,4,0.0
11307,PL_Nuclear,2030,3,5,6,0.0
11308,PL_Nuclear,2030,3,7,8,0.0
11309,PL_Nuclear,2030,3,9,10,0.0
11310,PL_Nuclear,2030,3,11,12,0.0
11311,PL_Nuclear,2030,3,13,14,0.0
11312,PL_Nuclear,2030,3,15,16,0.0
11313,PL_Nuclear,2030,3,17,18,0.0
11314,PL_Nuclear,2030,3,19,20,0.0
11315,PL_Nuclear,2030,3,21,22,0.0
11316,PL_Nuclear,2030,3,23,24,0.0
11317,PL_Nuclear,2030,4,1,2,0.0
11318,PL_Nuclear,2030,4,3,4,0.0
11319,PL_Nuclear,2030,4,5,6,0.0
11320,PL_Nuclear,2030,4,7,8,0.0
11321,PL_Nuclear,2030,4,9,10,0.0
11322,PL_Nuclear,2030,4,11,12,0.0
11323,PL_Nuclear,2030,4,13,14,0.0
11324,PL_Nuclear,2030,4,15,16,0.0
11325,PL_Nuclear,2030,4,17,18,0.0
11326,PL_Nuclear,2030,4,19,20,0.0
11327,PL_Nuclear,2030,4,21,22,0.0
11328,PL_Nuclear,2030,4,23,24,0.0
11329,PL_Nuclear,2030,5,1,2,0.0
11330,PL_Nuclear,2030,5,3,4,0.0
11331,PL_Nuclear,2030,5,5,6,0.0
11332,PL_Nuclear,2030,5,7,8,0.0
11333,PL_Nuclear,2030,5,9,10,0.0
11334,PL_Nuclear,2030,5,11,12,0.0
11335,PL_Nuclear,2030,5,13,14,0.0
11336,PL_Nuclear,2030,5,15,16,0.0
11337,PL_Nuclear,2030,5,17,18,0.0
11338,PL_Nuclear,2030,5,19,20,0.0
11339,PL_Nuclear,2030,5,21,22,0.0
11340,PL_Nuclear,2030,5,23,24,0.0
11341,PL_Nuclear,2030,6,1,2,0.0
11342,PL_Nuclear,2030,6,3,4,0.0
11343,PL_Nuclear,2030,6,5,6,0.0
11344,PL_Nuclear,2030,6,7,8,0.0
11345,PL_Nuclear,2030,6,9,10,0.0
11346,PL_Nuclear,2030,6,11,12,0.0
11347,PL_Nuclear,2030,6,13,14,0.0
11348,PL_Nuclear,2030,6,15,16,0.0
11349,PL_Nuclear,2030,6,17,18,0.0
11350,PL_Nuclear,2030,6,19,20,0.0
11351,PL_Nuclear,2030,6,21,22,0.0
11352,PL_Nuclear,2030,6,23,24,0.0
11353,PL_Nuclear,2030,7,1,2,0.0
11354,PL_Nuclear,2030,7,3,4,0.0
11355,PL_Nuclear,2030,7,5,6,0.0
11356,PL_Nuclear,2030,7,7,8,0.0
11357,PL_Nuclear,2030,7,9,10,0.0
11358,PL_Nuclear,2030,7,11,12,0.0
11359,PL_Nuclear,2030,7,13,14,0.0
11360,PL_Nuclear,2030,7,15,16,0.0
11361,PL_Nuclear,2030,7,17,18,0.0
11362,PL_Nuclear,2030,7,19,20,0.0
11363,PL_Nuclear,2030,7,21,22,0.0
11364,PL_Nuclear,2030,7,23,24,0.0
11365,PL_Nuclear,2030,8,1,2,0.0
11366,PL_Nuclear,2030,8,3,4,0.0
11367,PL_Nuclear,2030,8,5,6,0.0
11368,PL_Nuclear,2030,8,7,8,0.0
11369,PL_Nuclear,2030,8,9,10,0.0
11370,PL_Nuclear,2030,8,11,12,0.0
11371,PL_Nuclear,2030,8,13,14,0.0
11372,PL_Nuclear,2030,8,15,16,0.0
11373,PL_Nuclear,2030,8,17,18,0.0
11374,PL_Nuclear,2030,8,19,20,0.0
11375,PL_Nuclear,2030,8,21,22,0.0
11376,PL_Nuclear,2030,8,23,24,0.0
11377,PL_Nuclear,2030,9,1,2,0.0
11378,PL_Nuclear,2030,9,3,4,0.0
11379,PL_Nuclear,2030,9,5,6,0.0
11380,PL_Nuclear,2030,9,7,8,0.0
11381,PL_Nuclear,2030,9,9,10,0.0
11382,PL_Nuclear,2030,9,11,12,0.0
11383,PL_Nuclear,2030,9,13,14,0.0
11384,PL_Nuclear,2030,9,15,16,0.0
11385,PL_Nuclear,2030,9,17,18,0.0
11386,PL_Nuclear,2030,9,19,20,0.0
11387,PL_Nuclear,2030,9,21,22,0.0
11388,PL_Nuclear,2030,9,23,24,0.0
11389,PL_Nuclear,2030,10,1,2,0.0
11390,PL_Nuclear,2030,10,3,4,0.0
11391,PL_Nuclear,2030,10,5,6,0.0
11392,PL_Nuclear,2030,10,7,8,0.0
11393,PL_Nuclear,2030,10,9,10,0.0
11394,PL_Nuclear,2030,10,11,12,0.0
11395,PL_Nuclear,2030,10,13,14,0.0
11396,PL_Nuclear,2030,10,15,16,0.0
11397,PL_Nuclear,2030,10,17,18,0.0
11398,PL_Nuclear,2030,10,19,20,0.0
11399,PL_Nuclear,2030,10,21,22,0.0
11400,PL_Nuclear,2030,10,23,24,0.0
11401,PL_OCGT,2030,1,1,2,0.0
11402,PL_OCGT,2030,1,3,4,0.0
11403,PL_OCGT,2030,1,5,6,0.0
11404,PL_OCGT,2030,1,7,8,0.0
11405,PL_OCGT,2030,1,9,10,0.0
11406,PL_OCGT,2030,1,11,12,0.0
11407,PL_OCGT,2030,1,13,14,0.0
11408,PL_OCGT,2030,1,15,16,0.0
11409,PL_OCGT,2030,1,17,18,0.0
11410,PL_OCGT,2030,1,19,20,0.0
11411,PL_OCGT,2030,1,21,22,0.0
11412,PL_OCGT,2030,1,23,24,0.0
11413,PL_OCGT,2030,2,1,2,0.0
11414,PL_OCGT,2030,2,3,4,0.0
11415,PL_OCGT,2030,2,5,6,0.0
11416,PL_OCGT,2030,2,7,8,0.0
11417,PL_OCGT,2030,2,9,10,0.0
11418,PL_OCGT,2030,2,11,12,0.0
11419,PL_OCGT,2030,2,13,14,0.0
11420,PL_OCGT,2030,2,15,16,0.0
11421,PL_OCGT,2030,2,17,18,0.0
11422,PL_OCGT,2030,2,19,20,0.0
11423,PL_OCGT,2030,2,21,22,0.0
11424,PL_OCGT,2030,2,23,24,0.0
11425,PL_OCGT,2030,3,1,2,0.0
11426,PL_OCGT,2030,3,3,4,0.0
11427,PL_OCGT,2030,3,5,6,0.0
11428,PL_OCGT,2030,3,7,8,0.0
11429,PL_OCGT,2030,3,9,10,0.0
11430,PL_OCGT,2030,3,11,12,0.0
11431,PL_OCGT,2030,3,13,14,0.0
11432,PL_OCGT,2030,3,15,16,0.0
11433,PL_OCGT,2030,3,17,18,0.0
11434,PL_OCGT,2030,3,19,20,0.0
11435,PL_OCGT,2030,3,21,22,0.0
11436,PL_OCGT,2030,3,23,24,0.0
11437,PL_OCGT,2030,4,1,2,0.0
11438,PL_OCGT,2030,4,3,4,0.0
11439,PL_OCGT,2030,4,5,6,0.0
11440,PL_OCGT,2030,4,7,8,0.0
11441,PL_OCGT,2030,4,9,10,0.0
11442,PL_OCGT,2030,4,11,12,0.0
11443,PL_OCGT,2030,4,13,14,0.0
11444,PL_OCGT,2030,4,15,16,0.0
11445,PL_OCGT,2030,4,17,18,0.0
11446,PL_OCGT,2030,4,19,20,0.0
11447,PL_OCGT,2030,4,21,22,0.0
11448,PL_OCGT,2030,4,23,24,0.0
11449,PL_OCGT,2030,5,1,2,0.0
11450,PL_OCGT,2030,5,3,4,0.0
11451,PL_OCGT,2030,5,5,6,0.0
11452,PL_OCGT,2030,5,7,8,0.0
11453,PL_OCGT,2030,5,9,10,0.0
11454,PL_OCGT,2030,5,11,12,0.0
11455,PL_OCGT,2030,5,13,14,0.0
11456,PL_OCGT,2030,5,15,16,0.0
11457,PL_OCGT,2030,5,17,18,0.0
11458,PL_OCGT,2030,5,19,20,0.0
11459,PL_OCGT,2030,5,21,22,0.0
11460,PL_OCGT,2030,5,23,24,0.0
11461,PL_OCGT,2030,6,1,2,0.0
11462,PL_OCGT,2030,6,3,4,0.0
11463,PL_OCGT,2030,6,5,6,0.0
11464,PL_OCGT,2030,6,7,8,0.0
11465,PL_OCGT,2030,6,9,10,0.0
11466,PL_OCGT,2030,6,11,12,0.0
11467,PL_OCGT,2030,6,13,14,0.0
11468,PL_OCGT,2030,6,15,16,0.0
11469,PL_OCGT,2030,6,17,18,0.0
11470,PL_OCGT,2030,6,19,20,0.0
11471,PL_OCGT,2030,6,21,22,0.0
11472,PL_OCGT,2030,6,23,24,0.0
11473,PL_OCGT,2030,7,1,2,0.0
11474,PL_OCGT,2030,7,3,4,0.0
11475,PL_OCGT,2030,7,5,6,0.0
11476,PL_OCGT,2030,7,7,8,0.0
11477,PL_OCGT,2030,7,9,10,0.0
11478,PL_OCGT,2030,7,11,12,0.0
11479,PL_OCGT,2030,7,13,14,0.0
11480,PL_OCGT,2030,7,15,16,0.0
11481,PL_OCGT,2030,7,17,18,0.0
11482,PL_OCGT,2030,7,19,20,0.0
11483,PL_OCGT,2030,7,21,22,0.0
11484,PL_OCGT,2030,7,23,24,0.0
11485,PL_OCGT,2030,8,1,2,0.0
11486,PL_OCGT,2030,8,3,4,0.0
11487,PL_OCGT,2030,8,5,6,0.0
11488,PL_OCGT,2030,8,7,8,0.0
11489,PL_OCGT,2030,8,9,10,0.0
11490,PL_OCGT,2030,8,11,12,0.0
11491,PL_OCGT,2030,8,13,14,0.0
11492,PL_OCGT,2030,8,15,16,0.0
11493,PL_OCGT,2030,8,17,18,0.0
11494,PL_OCGT,2030,8,19,20,0.0
11495,PL_OCGT,2030,8,21,22,0.0
11496,PL_OCGT,2030,8,23,24,0.0
11497,PL_OCGT,2030,9,1,2,0.0
11498,PL_OCGT,2030,9,3,4,0.0
11499,PL_OCGT,2030,9,5,6,0.0
11500,PL_OCGT,2030,9,7,8,0.0
11501,PL_OCGT,2030,9,9,10,0.0
11502,PL_OCGT,2030,9,11,12,0.0
11503,PL_OCGT,2030,9,13,14,0.0
11504,PL_OCGT,2030,9,15,16,0.0
11505,PL_OCGT,2030,9,17,18,0.0
11506,PL_OCGT,2030,9,19,20,0.0
11507,PL_OCGT,2030,9,21,22,0.0
11508,PL_OCGT,2030,9,23,24,0.0
11509,PL_OCGT,2030,10,1,2,0.0
11510,PL_OCGT,2030,10,3,4,0.0
11511,PL_OCGT,2030,10,5,6,0.0
11512,PL_OCGT,2030,10,7,8,0.0
11513,PL_OCGT,2030,10,9,10,0.0
11514,PL_OCGT,2030,10,11,12,0.0
11515,PL_OCGT,2030,10,13,14,0.0
11516,PL_OCGT,2030,10,15,16,0.0
11517,PL_OCGT,2030,10,17,18,0.0
11518,PL_OCGT,2030,10,19,20,0.0
11519,PL_OCGT,2030,10,21,22,0.0
11520,PL_OCGT,2030,10,23,24,0.0
11521,PT_CCGT,2030,1,1,2,0.0
11522,PT_CCGT,2030,1,3,4,0.0
11523,PT_CCGT,2030,1,5,6,0.0
11524,PT_CCGT,2030,1,7,8,0.0
11525,PT_CCGT,2030,1,9,10,0.0
11526,PT_CCGT,2030,1,11,12,0.0
11527,PT_CCGT,2030,1,13,14,0.0
11528,PT_CCGT,2030,1,15,16,0.0
11529,PT_CCGT,2030,1,17,18,0.0
11530,PT_CCGT,2030,1,19,20,0.0
11531,PT_CCGT,2030,1,21,22,0.0
11532,PT_CCGT,2030,1,23,24,0.0
11533,PT_CCGT,2030,2,1,2,0.0
11534,PT_CCGT,2030,2,3,4,0.0
11535,PT_CCGT,2030,2,5,6,0.0
11536,PT_CCGT,2030,2,7,8,0.0
11537,PT_CCGT,2030,2,9,10,0.0
11538,PT_CCGT,2030,2,11,12,0.0
11539,PT_CCGT,2030,2,13,14,0.0
11540,PT_CCGT,2030,2,15,16,0.0
11541,PT_CCGT,2030,2,17,18,0.0
11542,PT_CCGT,2030,2,19,20,0.0
11543,PT_CCGT,2030,2,21,22,0.0
11544,PT_CCGT,2030,2,23,24,0.0
11545,PT_CCGT,2030,3,1,2,0.0
11546,PT_CCGT,2030,3,3,4,0.0
11547,PT_CCGT,2030,3,5,6,0.0
11548,PT_CCGT,2030,3,7,8,0.0
11549,PT_CCGT,2030,3,9,10,0.0
11550,PT_CCGT,2030,3,11,12,0.0
11551,PT_CCGT,2030,3,13,14,0.0
11552,PT_CCGT,2030,3,15,16,0.0
11553,PT_CCGT,2030,3,17,18,0.0
11554,PT_CCGT,2030,3,19,20,0.0
11555,PT_CCGT,2030,3,21,22,0.0
11556,PT_CCGT,2030,3,23,24,0.0
11557,PT_CCGT,2030,4,1,2,0.0
11558,PT_CCGT,2030,4,3,4,0.0
11559,PT_CCGT,2030,4,5,6,0.0
11560,PT_CCGT,2030,4,7,8,0.0
11561,PT_CCGT,2030,4,9,10,0.0
11562,PT_CCGT,2030,4,11,12,0.0
11563,PT_CCGT,2030,4,13,14,0.0
11564,PT_CCGT,2030,4,15,16,0.0
11565,PT_CCGT,2030,4,17,18,0.0
11566,PT_CCGT,2030,4,19,20,0.0
11567,PT_CCGT,2030,4,21,22,0.0
11568,PT_CCGT,2030,4,23,24,0.0
11569,PT_CCGT,2030,5,1,2,0.0
11570,PT_CCGT,2030,5,3,4,0.0
11571,PT_CCGT,2030,5,5,6,0.0
11572,PT_CCGT,2030,5,7,8,0.0
11573,PT_CCGT,2030,5,9,10,0.0
11574,PT_CCGT,2030,5,11,12,0.0
11575,PT_CCGT,2030,5,13,14,0.0
11576,PT_CCGT,2030,5,15,16,0.0
11577,PT_CCGT,2030,5,17,18,0.0
11578,PT_CCGT,2030,5,19,20,0.0
11579,PT_CCGT,2030,5,21,22,0.0
11580,PT_CCGT,2030,5,23,24,0.0
11581,PT_CCGT,2030,6,1,2,0.0
11582,PT_CCGT,2030,6,3,4,0.0
11583,PT_CCGT,2030,6,5,6,0.0
11584,PT_CCGT,2030,6,7,8,0.0
11585,PT_CCGT,2030,6,9,10,0.0
11586,PT_CCGT,2030,6,11,12,0.0
11587,PT_CCGT,2030,6,13,14,0.0
11588,PT_CCGT,2030,6,15,16,0.0
11589,PT_CCGT,2030,6,17,18,0.0
11590,PT_CCGT,2030,6,19,20,0.0
11591,PT_CCGT,2030,6,21,22,0.0
11592,PT_CCGT,2030,6,23,24,0.0
11593,PT_CCGT,2030,7,1,2,0.0
11594,PT_CCGT,2030,7,3,4,0.0
11595,PT_CCGT,2030,7,5,6,0.0
11596,PT_CCGT,2030,7,7,8,0.0
11597,PT_CCGT,2030,7,9,10,0.0
11598,PT_CCGT,2030,7,11,12,0.0
11599,PT_CCGT,2030,7,13,14,0.0
11600,PT_CCGT,2030,7,15,16,0.0
11601,PT_CCGT,2030,7,17,18,0.0
11602,PT_CCGT,2030,7,19,20,0.0
11603,PT_CCGT,2030,7,21,22,0.0
11604,PT_CCGT,2030,7,23,24,-13.307965705666337
11605,PT_CCGT,2030,8,1,2,0.0
11606,PT_CCGT,2030,8,3,4,0.0
11607,PT_CCGT,2030,8,5,6,0.0
11608,PT_CCGT,2030,8,7,8,0.0
11609,PT_CCGT,2030,8,9,10,0.0
11610,PT_CCGT,2030,8,11,12,0.0
11611,PT_CCGT,2030,8,13,14,0.0
11612,PT_CCGT,2030,8,15,16,0.0
11613,PT_CCGT,2030,8,17,18,0.0
11614,PT_CCGT,2030,8,19,20,0.0
11615,PT_CCGT,2030,8,21,22,0.0
11616,PT_CCGT,2030,8,23,24,0.0
11617,PT_CCGT,2030,9,1,2,0.0
11618,PT_CCGT,2030,9,3,4,0.0
11619,PT_CCGT,2030,9,5,6,0.0
11620,PT_CCGT,2030,9,7,8,0.0
11621,PT_CCGT,2030,9,9,10,0.0
11622,PT_CCGT,2030,9,11,12,0.0
11623,PT_CCGT,2030,9,13,14,0.0
11624,PT_CCGT,2030,9,15,16,0.0
11625,PT_CCGT,2030,9,17,18,0.0
11626,PT_CCGT,2030,9,19,20,0.0
11627,PT_CCGT,2030,9,21,22,0.0
11628,PT_CCGT,2030,9,23,24,0.0
11629,PT_CCGT,2030,10,1,2,0.0
11630,PT_CCGT,2030,10,3,4,0.0
11631,PT_CCGT,2030,10,5,6,0.0
11632,PT_CCGT,2030,10,7,8,0.0
11633,PT_CCGT,2030,10,9,10,0.0
11634,PT_CCGT,2030,10,11,12,0.0
11635,PT_CCGT,2030,10,13,14,0.0
11636,PT_CCGT,2030,10,15,16,0.0
11637,PT_CCGT,2030,10,17,18,0.0
11638,PT_CCGT,2030,10,19,20,0.0
11639,PT_CCGT,2030,10,21,22,0.0
11640,PT_CCGT,2030,10,23,24,0.0
11641,PT_Coal,2030,1,1,2,0.0
11642,PT_Coal,2030,1,3,4,0.0
11643,PT_Coal,2030,1,5,6,0.0
11644,PT_Coal,2030,1,7,8,0.0
11645,PT_Coal,2030,1,9,10,0.0
11646,PT_Coal,2030,1,11,12,0.0
11647,PT_Coal,2030,1,13,14,0.0
11648,PT_Coal,2030,1,15,16,0.0
11649,PT_Coal,2030,1,17,18,0.0
11650,PT_Coal,2030,1,19,20,0.0
11651,PT_Coal,2030,1,21,22,0.0
11652,PT_Coal,2030,1,23,24,0.0
11653,PT_Coal,2030,2,1,2,0.0
11654,PT_Coal,2030,2,3,4,0.0
11655,PT_Coal,2030,2,5,6,0.0
11656,PT_Coal,2030,2,7,8,0.0
11657,PT_Coal,2030,2,9,10,0.0
11658,PT_Coal,2030,2,11,12,0.0
11659,PT_Coal,2030,2,13,14,0.0
11660,PT_Coal,2030,2,15,16,0.0
11661,PT_Coal,2030,2,17,18,0.0
11662,PT_Coal,2030,2,19,20,0.0
11663,PT_Coal,2030,2,21,22,0.0
11664,PT_Coal,2030,2,23,24,0.0
11665,PT_Coal,2030,3,1,2,0.0
11666,PT_Coal,2030,3,3,4,0.0
11667,PT_Coal,2030,3,5,6,0.0
11668,PT_Coal,2030,3,7,8,0.0
11669,PT_Coal,2030,3,9,10,0.0
11670,PT_Coal,2030,3,11,12,0.0
11671,PT_Coal,2030,3,13,14,0.0
11672,PT_Coal,2030,3,15,16,0.0
11673,PT_Coal,2030,3,17,18,0.0
11674,PT_Coal,2030,3,19,20,0.0
11675,PT_Coal,2030,3,21,22,0.0
11676,PT_Coal,2030,3,23,24,0.0
11677,PT_Coal,2030,4,1,2,0.0
11678,PT_Coal,2030,4,3,4,0.0
11679,PT_Coal,2030,4,5,6,0.0
11680,PT_Coal,2030,4,7,8,0.0
11681,PT_Coal,2030,4,9,10,0.0
11682,PT_Coal,2030,4,11,12,0.0
11683,PT_Coal,2030,4,13,14,0.0
11684,PT_Coal,2030,4,15,16,0.0
11685,PT_Coal,2030,4,17,18,0.0
11686,PT_Coal,2030,4,19,20,0.0
11687,PT_Coal,2030,4,21,22,0.0
11688,PT_Coal,2030,4,23,24,0.0
11689,PT_Coal,2030,5,1,2,0.0
11690,PT_Coal,2030,5,3,4,0.0
11691,PT_Coal,2030,5,5,6,0.0
11692,PT_Coal,2030,5,7,8,0.0
11693,PT_Coal,2030,5,9,10,0.0
11694,PT_Coal,2030,5,11,12,0.0
11695,PT_Coal,2030,5,13,14,0.0
11696,PT_Coal,2030,5,15,16,0.0
11697,PT_Coal,2030,5,17,18,0.0
11698,PT_Coal,2030,5,19,20,0.0
11699,PT_Coal,2030,5,21,22,0.0
11700,PT_Coal,2030,5,23,24,0.0
11701,PT_Coal,2030,6,1,2,0.0
11702,PT_Coal,2030,6,3,4,0.0
11703,PT_Coal,2030,6,5,6,0.0
11704,PT_Coal,2030,6,7,8,0.0
11705,PT_Coal,2030,6,9,10,0.0
11706,PT_Coal,2030,6,11,12,0.0
11707,PT_Coal,2030,6,13,14,0.0
11708,PT_Coal,2030,6,15,16,0.0
11709,PT_Coal,2030,6,17,18,0.0
11710,PT_Coal,2030,6,19,20,0.0
11711,PT_Coal,2030,6,21,22,0.0
11712,PT_Coal,2030,6,23,24,0.0
11713,PT_Coal,2030,7,1,2,0.0
11714,PT_Coal,2030,7,3,4,0.0
11715,PT_Coal,2030,7,5,6,0.0
11716,PT_Coal,2030,7,7,8,0.0
11717,PT_Coal,2030,7,9,10,0.0
11718,PT_Coal,2030,7,11,12,0.0
11719,PT_Coal,2030,7,13,14,0.0
11720,PT_Coal,2030,7,15,16,0.0
11721,PT_Coal,2030,7,17,18,0.0
11722,PT_Coal,2030,7,19,20,0.0
11723,PT_Coal,2030,7,21,22,0.0
11724,PT_Coal,2030,7,23,24,-14.440165705666338
11725,PT_Coal,2030,8,1,2,0.0
11726,PT_Coal,2030,8,3,4,0.0
11727,PT_Coal,2030,8,5,6,0.0
11728,PT_Coal,2030,8,7,8,0.0
11729,PT_Coal,2030,8,9,10,0.0
11730,PT_Coal,2030,8,11,12,0.0
11731,PT_Coal,2030,8,13,14,0.0
11732,PT_Coal,2030,8,15,16,0.0
11733,PT_Coal,2030,8,17,18,0.0
11734,PT_Coal,2030,8,19,20,0.0
11735,PT_Coal,2030,8,21,22,0.0
11736,PT_Coal,2030,8,23,24,0.0
11737,PT_Coal,2030,9,1,2,0.0
11738,PT_Coal,2030,9,3,4,0.0
11739,PT_Coal,2030,9,5,6,-1.3158
11740,PT_Coal,2030,9,7,8,0.0
11741,PT_Coal,2030,9,9,10,0.0
11742,PT_Coal,2030,9,11,12,-1.3158
11743,PT_Coal,2030,9,13,14,0.0
11744,PT_Coal,2030,9,15,16,0.0
11745,PT_Coal,2030,9,17,18,0.0
11746,PT_Coal,2030,9,19,20,0.0
11747,PT_Coal,2030,9,21,22,0.0
11748,PT_Coal,2030,9,23,24,0.0
11749,PT_Coal,2030,10,1,2,0.0
11750,PT_Coal,2030,10,3,4,0.0
11751,PT_Coal,2030,10,5,6,0.0
11752,PT_Coal,2030,10,7,8,0.0
11753,PT_Coal,2030,10,9,10,0.0
11754,PT_Coal,2030,10,11,12,0.0
11755,PT_Coal,2030,10,13,14,0.0
11756,PT_Coal,2030,10,15,16,0.0
11757,PT_Coal,2030,10,17,18,0.0
11758,PT_Coal,2030,10,19,20,0.0
11759,PT_Coal,2030,10,21,22,0.0
11760,PT_Coal,2030,10,23,24,0.0
11761,PT_Nuclear,2030,1,1,2,0.0
11762,PT_Nuclear,2030,1,3,4,0.0
11763,PT_Nuclear,2030,1,5,6,0.0
11764,PT_Nuclear,2030,1,7,8,0.0
11765,PT_Nuclear,2030,1,9,10,0.0
11766,PT_Nuclear,2030,1,11,12,0.0
11767,PT_Nuclear,2030,1,13,14,0.0
11768,PT_Nuclear,2030,1,15,16,0.0
11769,PT_Nuclear,2030,1,17,18,0.0
11770,PT_Nuclear,2030,1,19,20,0.0
11771,PT_Nuclear,2030,1,21,22,0.0
11772,PT_Nuclear,2030,1,23,24,0.0
11773,PT_Nuclear,2030,2,1,2,0.0
11774,PT_Nuclear,2030,2,3,4,0.0
11775,PT_Nuclear,2030,2,5,6,0.0
11776,PT_Nuclear,2030,2,7,8,0.0
11777,PT_Nuclear,2030,2,9,10,0.0
11778,PT_Nuclear,2030,2,11,12,0.0
11779,PT_Nuclear,2030,2,13,14,0.0
11780,PT_Nuclear,2030,2,15,16,0.0
11781,PT_Nuclear,2030,2,17,18,0.0
11782,PT_Nuclear,2030,2,19,20,0.0
11783,PT_Nuclear,2030,2,21,22,0.0
11784,PT_Nuclear,2030,2,23,24,0.0
11785,PT_Nuclear,2030,3,1,2,0.0
11786,PT_Nuclear,2030,3,3,4,0.0
11787,PT_Nuclear,2030,3,5,6,0.0
11788,PT_Nuclear,2030,3,7,8,0.0
11789,PT_Nuclear,2030,3,9,10,0.0
11790,PT_Nuclear,2030,3,11,12,0.0
11791,PT_Nuclear,2030,3,13,14,0.0
11792,PT_Nuclear,2030,3,15,16,0.0
11793,PT_Nuclear,2030,3,17,18,0.0
11794,PT_Nuclear,2030,3,19,20,0.0
11795,PT_Nuclear,2030,3,21,22,0.0
11796,PT_Nuclear,2030,3,23,24,0.0
11797,PT_Nuclear,2030,4,1,2,0.0
11798,PT_Nuclear,2030,4,3,4,0.0
11799,PT_Nuclear,2030,4,5,6,0.0
11800,PT_Nuclear,2030,4,7,8,0.0
11801,PT_Nuclear,2030,4,9,10,0.0
11802,PT_Nuclear,2030,4,11,12,0.0
11803,PT_Nuclear,2030,4,13,14,0.0
11804,PT_Nuclear,2030,4,15,16,0.0
11805,PT_Nuclear,2030,4,17,18,0.0
11806,PT_Nuclear,2030,4,19,20,0.0
11807,PT_Nuclear,2030,4,21,22,0.0
11808,PT_Nuclear,2030,4,23,24,0.0
11809,PT_Nuclear,2030,5,1,2,0.0
11810,PT_Nuclear,2030,5,3,4,0.0
11811,PT_Nuclear,2030,5,5,6,0.0
11812,PT_Nuclear,2030,5,7,8,0.0
11813,PT_Nuclear,2030,5,9,10,0.0
11814,PT_Nuclear,2030,5,11,12,0.0
11815,PT_Nuclear,2030,5,13,14,0.0
11816,PT_Nuclear,2030,5,15,16,0.0
11817,PT_Nuclear,2030,5,17,18,0.0
11818,PT_Nuclear,2030,5,19,20,0.0
11819,PT_Nuclear,2030,5,21,22,0.0
11820,PT_Nuclear,2030,5,23,24,0.0
11821,PT_Nuclear,2030,6,1,2,0.0
11822,PT_Nuclear,2030,6,3,4,0.0
11823,PT_Nuclear,2030,6,5,6,0.0
11824,PT_Nuclear,2030,6,7,8,0.0
11825,PT_Nuclear,2030,6,9,10,0.0
11826,PT_Nuclear,2030,6,11,12,0.0
11827,PT_Nuclear,2030,6,13,14,0.0
11828,PT_Nuclear,2030,6,15,16,0.0
11829,PT_Nuclear,2030,6,17,18,0.0
11830,PT_Nuclear,2030,6,19,20,0.0
11831,PT_Nuclear,2030,6,21,22,0.0
11832,PT_Nuclear,2030,6,23,24,0.0
11833,PT_Nuclear,2030,7,1,2,0.0
11834,PT_Nuclear,2030,7,3,4,0.0
11835,PT_Nuclear,2030,7,5,6,0.0
11836,PT_Nuclear,2030,7,7,8,0.0
11837,PT_Nuclear,2030,7,9,10,0.0
11838,PT_Nuclear,2030,7,11,12,0.0
11839,PT_Nuclear,2030,7,13,14,0.0
11840,PT_Nuclear,2030,7,15,16,0.0
11841,PT_Nuclear,2030,7,17,18,0.0
11842,PT_Nuclear,2030,7,19,20,0.0
11843,PT_Nuclear,2030,7,21,22,0.0
11844,PT_Nuclear,2030,7,23,24,0.0
11845,PT_Nuclear,2030,8,1,2,0.0
11846,PT_Nuclear,2030,8,3,4,0.0
11847,PT_Nuclear,2030,8,5,6,0.0
11848,PT_Nuclear,2030,8,7,8,0.0
11849,PT_Nuclear,2030,8,9,10,0.0
11850,PT_Nuclear,2030,8,11,12,0.0
11851,PT_Nuclear,2030,8,13,14,0.0
11852,PT_Nuclear,2030,8,15,16,0.0
11853,PT_Nuclear,2030,8,17,18,0.0
11854,PT_Nuclear,2030,8,19,20,0.0
11855,PT_Nuclear,2030,8,21,22,0.0
11856,PT_Nuclear,2030,8,23,24,0.0
11857,PT_Nuclear,2030,9,1,2,0.0
11858,PT_Nuclear,2030,9,3,4,0.0
11859,PT_Nuclear,2030,9,5,6,0.0
11860,PT_Nuclear,2030,9,7,8,0.0
11861,PT_Nuclear,2030,9,9,10,0.0
11862,PT_Nuclear,2030,9,11,12,0.0
11863,PT_Nuclear,2030,9,13,14,0.0
11864,PT_Nuclear,2030,9,15,16,0.0
11865,PT_Nuclear,2030,9,17,18,0.0
11866,PT_Nuclear,2030,9,19,20,0.0
11867,PT_Nuclear,2030,9,21,22,0.0
11868,PT_Nuclear,2030,9,23,24,0.0
11869,PT_Nuclear,2030,10,1,2,0.0
11870,PT_Nuclear,2030,10,3,4,0.0
11871,PT_Nuclear,2030,10,5,6,0.0
11872,PT_Nuclear,2030,10,7,8,0.0
11873,PT_Nuclear,2030,10,9,10,0.0
11874,PT_Nuclear,2030,10,11,12,0.0
11875,PT_Nuclear,2030,10,13,14,0.0
11876,PT_Nuclear,2030,10,15,16,0.0
11877,PT_Nuclear,2030,10,17,18,0.0
11878,PT_Nuclear,2030,10,19,20,0.0
11879,PT_Nuclear,2030,10,21,22,0.0
11880,PT_Nuclear,2030,10,23,24,0.0
11881,PT_OCGT,2030,1,1,2,0.0
11882,PT_OCGT,2030,1,3,4,0.0
11883,PT_OCGT,2030,1,5,6,0.0
11884,PT_OCGT,2030,1,7,8,0.0
11885,PT_OCGT,2030,1,9,10,0.0
11886,PT_OCGT,2030,1,11,12,0.0
11887,PT_OCGT,2030,1,13,14,0.0
11888,PT_OCGT,2030,1,15,16,0.0
11889,PT_OCGT,2030,1,17,18,0.0
11890,PT_OCGT,2030,1,19,20,0.0
11891,PT_OCGT,2030,1,21,22,0.0
11892,PT_OCGT,2030,1,23,24,0.0
11893,PT_OCGT,2030,2,1,2,0.0
11894,PT_OCGT,2030,2,3,4,0.0
11895,PT_OCGT,2030,2,5,6,0.0
11896,PT_OCGT,2030,2,7,8,0.0
11897,PT_OCGT,2030,2,9,10,0.0
11898,PT_OCGT,2030,2,11,12,0.0
11899,PT_OCGT,2030,2,13,14,0.0
11900,PT_OCGT,2030,2,15,16,0.0
11901,PT_OCGT,2030,2,17,18,0.0
11902,PT_OCGT,2030,2,19,20,0.0
11903,PT_OCGT,2030,2,21,22,0.0
11904,PT_OCGT,2030,2,23,24,0.0
11905,PT_OCGT,2030,3,1,2,0.0
11906,PT_OCGT,2030,3,3,4,0.0
11907,PT_OCGT,2030,3,5,6,0.0
11908,PT_OCGT,2030,3,7,8,0.0
11909,PT_OCGT,2030,3,9,10,0.0
11910,PT_OCGT,2030,3,11,12,0.0
11911,PT_OCGT,2030,3,13,14,0.0
11912,PT_OCGT,2030,3,15,16,0.0
11913,PT_OCGT,2030,3,17,18,0.0
11914,PT_OCGT,2030,3,19,20,0.0
11915,PT_OCGT,2030,3,21,22,0.0
11916,PT_OCGT,2030,3,23,24,0.0
11917,PT_OCGT,2030,4,1,2,0.0
11918,PT_OCGT,2030,4,3,4,0.0
11919,PT_OCGT,2030,4,5,6,0.0
11920,PT_OCGT,2030,4,7,8,0.0
11921,PT_OCGT,2030,4,9,10,0.0
11922,PT_OCGT,2030,4,11,12,0.0
11923,PT_OCGT,2030,4,13,14,0.0
11924,PT_OCGT,2030,4,15,16,0.0
11925,PT_OCGT,2030,4,17,18,0.0
11926,PT_OCGT,2030,4,19,20,0.0
11927,PT_OCGT,2030,4,21,22,0.0
11928,PT_OCGT,2030,4,23,24,0.0
11929,PT_OCGT,2030,5,1,2,0.0
11930,PT_OCGT,2030,5,3,4,0.0
11931,PT_OCGT,2030,5,5,6,0.0
11932,PT_OCGT,2030,5,7,8,0.0
11933,PT_OCGT,2030,5,9,10,0.0
11934,PT_OCGT,2030,5,11,12,0.0
11935,PT_OCGT,2030,5,13,14,0.0
11936,PT_OCGT,2030,5,15,16,0.0
11937,PT_OCGT,2030,5,17,18,0.0
11938,PT_OCGT,2030,5,19,20,0.0
11939,PT_OCGT,2030,5,21,22,0.0
11940,PT_OCGT,2030,5,23,24,0.0
11941,PT_OCGT,2030,6,1,2,0.0
11942,PT_OCGT,2030,6,3,4,0.0
11943,PT_OCGT,2030,6,5,6,0.0
11944,PT_OCGT,2030,6,7,8,0.0
11945,PT_OCGT,2030,6,9,10,0.0
11946,PT_OCGT,2030,6,11,12,0.0
11947,PT_OCGT,2030,6,13,14,0.0
11948,PT_OCGT,2030,6,15,16,0.0
11949,PT_OCGT,2030,6,17,18,0.0
11950,PT_OCGT,2030,6,19,20,0.0
11951,PT_OCGT,2030,6,21,22,0.0
11952,PT_OCGT,2030,6,23,24,0.0
11953,PT_OCGT,2030,7,1,2,0.0
11954,PT_OCGT,2030,7,3,4,0.0
11955,PT_OCGT,2030,7,5,6,0.0
11956,PT_OCGT,2030,7,7,8,0.0
11957,PT_OCGT,2030,7,9,10,0.0
11958,PT_OCGT,2030,7,11,12,0.0
11959,PT_OCGT,2030,7,13,14,0.0
11960,PT_OCGT,2030,7,15,16,0.0
11961,PT_OCGT,2030,7,17,18,0.0
11962,PT_OCGT,2030,7,19,20,0.0
11963,PT_OCGT,2030,7,21,22,0.0
11964,PT_OCGT,2030,7,23,24,-11.975965705666338
11965,PT_OCGT,2030,8,1,2,0.0
11966,PT_OCGT,2030,8,3,4,0.0
11967,PT_OCGT,2030,8,5,6,0.0
11968,PT_OCGT,2030,8,7,8,0.0
11969,PT_OCGT,2030,8,9,10,0.0
11970,PT_OCGT,2030,8,11,12,0.0
11971,PT_OCGT,2030,8,13,14,0.0
11972,PT_OCGT,2030,8,15,16,0.0
11973,PT_OCGT,2030,8,17,18,0.0
11974,PT_OCGT,2030,8,19,20,0.0
11975,PT_OCGT,2030,8,21,22,0.0
11976,PT_OCGT,2030,8,23,24,0.0
11977,PT_OCGT,2030,9,1,2,0.0
11978,PT_OCGT,2030,9,3,4,0.0
11979,PT_OCGT,2030,9,5,6,0.0
11980,PT_OCGT,2030,9,7,8,0.0
11981,PT_OCGT,2030,9,9,10,0.0
11982,PT_OCGT,2030,9,11,12,0.0
11983,PT_OCGT,2030,9,13,14,0.0
11984,PT_OCGT,2030,9,15,16,0.0
11985,PT_OCGT,2030,9,17,18,0.0
11986,PT_OCGT,2030,9,19,20,0.0
11987,PT_OCGT,2030,9,21,22,0.0
11988,PT_OCGT,2030,9,23,24,0.0
11989,PT_OCGT,2030,10,1,2,0.0
11990,PT_OCGT,2030,10,3,4,0.0
11991,PT_OCGT,2030,10,5,6,0.0
11992,PT_OCGT,2030,10,7,8,0.0
11993,PT_OCGT,2030,10,9,10,0.0
11994,PT_OCGT,2030,10,11,12,0.0
11995,PT_OCGT,2030,10,13,14,0.0
11996,PT_OCGT,2030,10,15,16,0.0
11997,PT_OCGT,2030,10,17,18,0.0
11998,PT_OCGT,2030,10,19,20,0.0
11999,PT_OCGT,2030,10,21,22,0.0
12000,PT_OCGT,2030,10,23,24,0.0
12001,RO_CCGT,2030,1,1,2,0.0
12002,RO_CCGT,2030,1,3,4,0.0
12003,RO_CCGT,2030,1,5,6,0.0
12004,RO_CCGT,2030,1,7,8,0.0
12005,RO_CCGT,2030,1,9,10,0.0
12006,RO_CCGT,2030,1,11,12,0.0
12007,RO_CCGT,2030,1,13,14,0.0
12008,RO_CCGT,2030,1,15,16,0.0
12009,RO_CCGT,2030,1,17,18,0.0
12010,RO_CCGT,2030,1,19,20,0.0
12011,RO_CCGT,2030,1,21,22,0.0
12012,RO_CCGT,2030,1,23,24,0.0
12013,RO_CCGT,2030,2,1,2,0.0
12014,RO_CCGT,2030,2,3,4,0.0
12015,RO_CCGT,2030,2,5,6,0.0
12016,RO_CCGT,2030,2,7,8,0.0
12017,RO_CCGT,2030,2,9,10,0.0
12018,RO_CCGT,2030,2,11,12,0.0
12019,RO_CCGT,2030,2,13,14,0.0
12020,RO_CCGT,2030,2,15,16,0.0
12021,RO_CCGT,2030,2,17,18,0.0
12022,RO_CCGT,2030,2,19,20,0.0
12023,RO_CCGT,2030,2,21,22,0.0
12024,RO_CCGT,2030,2,23,24,0.0
12025,RO_CCGT,2030,3,1,2,0.0
12026,RO_CCGT,2030,3,3,4,0.0
12027,RO_CCGT,2030,3,5,6,0.0
12028,RO_CCGT,2030,3,7,8,0.0
12029,RO_CCGT,2030,3,9,10,0.0
12030,RO_CCGT,2030,3,11,12,0.0
12031,RO_CCGT,2030,3,13,14,0.0
12032,RO_CCGT,2030,3,15,16,0.0
12033,RO_CCGT,2030,3,17,18,0.0
12034,RO_CCGT,2030,3,19,20,0.0
12035,RO_CCGT,2030,3,21,22,0.0
12036,RO_CCGT,2030,3,23,24,0.0
12037,RO_CCGT,2030,4,1,2,0.0
12038,RO_CCGT,2030,4,3,4,0.0
12039,RO_CCGT,2030,4,5,6,0.0
12040,RO_CCGT,2030,4,7,8,0.0
12041,RO_CCGT,2030,4,9,10,0.0
12042,RO_CCGT,2030,4,11,12,0.0
12043,RO_CCGT,2030,4,13,14,0.0
12044,RO_CCGT,2030,4,15,16,-13.230531411332668
12045,RO_CCGT,2030,4,17,18,-19.628897116999006
12046,RO_CCGT,2030,4,19,20,0.0
12047,RO_CCGT,2030,4,21,22,0.0
12048,RO_CCGT,2030,4,23,24,0.0
12049,RO_CCGT,2030,5,1,2,0.0
12050,RO_CCGT,2030,5,3,4,0.0
12051,RO_CCGT,2030,5,5,6,0.0
12052,RO_CCGT,2030,5,7,8,0.0
12053,RO_CCGT,2030,5,9,10,0.0
12054,RO_CCGT,2030,5,11,12,0.0
12055,RO_CCGT,2030,5,13,14,0.0
12056,RO_CCGT,2030,5,15,16,0.0
12057,RO_CCGT,2030,5,17,18,0.0
12058,RO_CCGT,2030,5,19,20,0.0
12059,RO_CCGT,2030,5,21,22,0.0
12060,RO_CCGT,2030,5,23,24,0.0
12061,RO_CCGT,2030,6,1,2,0.0
12062,RO_CCGT,2030,6,3,4,0.0
12063,RO_CCGT,2030,6,5,6,0.0
12064,RO_CCGT,2030,6,7,8,0.0
12065,RO_CCGT,2030,6,9,10,0.0
12066,RO_CCGT,2030,6,11,12,0.0
12067,RO_CCGT,2030,6,13,14,0.0
12068,RO_CCGT,2030,6,15,16,0.0
12069,RO_CCGT,2030,6,17,18,0.0
12070,RO_CCGT,2030,6,19,20,0.0
12071,RO_CCGT,2030,6,21,22,0.0
12072,RO_CCGT,2030,6,23,24,0.0
12073,RO_CCGT,2030,7,1,2,0.0
12074,RO_CCGT,2030,7,3,4,0.0
12075,RO_CCGT,2030,7,5,6,0.0
12076,RO_CCGT,2030,7,7,8,0.0
12077,RO_CCGT,2030,7,9,10,0.0
12078,RO_CCGT,2030,7,11,12,0.0
12079,RO_CCGT,2030,7,13,14,0.0
12080,RO_CCGT,2030,7,15,16,0.0
12081,RO_CCGT,2030,7,17,18,0.0
12082,RO_CCGT,2030,7,19,20,0.0
12083,RO_CCGT,2030,7,21,22,0.0
12084,RO_CCGT,2030,7,23,24,0.0
12085,RO_CCGT,2030,8,1,2,0.0
12086,RO_CCGT,2030,8,3,4,0.0
12087,RO_CCGT,2030,8,5,6,0.0
12088,RO_CCGT,2030,8,7,8,0.0
12089,RO_CCGT,2030,8,9,10,0.0
12090,RO_CCGT,2030,8,11,12,0.0
12091,RO_CCGT,2030,8,13,14,0.0
12092,RO_CCGT,2030,8,15,16,0.0
12093,RO_CCGT,2030,8,17,18,0.0
12094,RO_CCGT,2030,8,19,20,0.0
12095,RO_CCGT,2030,8,21,22,0.0
12096,RO_CCGT,2030,8,23,24,0.0
12097,RO_CCGT,2030,9,1,2,0.0
12098,RO_CCGT,2030,9,3,4,0.0
12099,RO_CCGT,2030,9,5,6,0.0
12100,RO_CCGT,2030,9,7,8,0.0
12101,RO_CCGT,2030,9,9,10,0.0
12102,RO_CCGT,2030,9,11,12,0.0
12103,RO_CCGT,2030,9,13,14,0.0
12104,RO_CCGT,2030,9,15,16,0.0
12105,RO_CCGT,2030,9,17,18,0.0
12106,RO_CCGT,2030,9,19,20,0.0
12107,RO_CCGT,2030,9,21,22,0.0
12108,RO_CCGT,2030,9,23,24,0.0
12109,RO_CCGT,2030,10,1,2,0.0
12110,RO_CCGT,2030,10,3,4,0.0
12111,RO_CCGT,2030,10,5,6,0.0
12112,RO_CCGT,2030,10,7,8,0.0
12113,RO_CCGT,2030,10,9,10,0.0
12114,RO_CCGT,2030,10,11,12,0.0
12115,RO_CCGT,2030,10,13,14,0.0
12116,RO_CCGT,2030,10,15,16,0.0
12117,RO_CCGT,2030,10,17,18,0.0
12118,RO_CCGT,2030,10,19,20,0.0
12119,RO_CCGT,2030,10,21,22,0.0
12120,RO_CCGT,2030,10,23,24,0.0
12121,RO_Coal,2030,1,1,2,0.0
12122,RO_Coal,2030,1,3,4,0.0
12123,RO_Coal,2030,1,5,6,0.0
12124,RO_Coal,2030,1,7,8,0.0
12125,RO_Coal,2030,1,9,10,0.0
12126,RO_Coal,2030,1,11,12,0.0
12127,RO_Coal,2030,1,13,14,0.0
12128,RO_Coal,2030,1,15,16,0.0
12129,RO_Coal,2030,1,17,18,0.0
12130,RO_Coal,2030,1,19,20,0.0
12131,RO_Coal,2030,1,21,22,0.0
12132,RO_Coal,2030,1,23,24,0.0
12133,RO_Coal,2030,2,1,2,0.0
12134,RO_Coal,2030,2,3,4,0.0
12135,RO_Coal,2030,2,5,6,0.0
12136,RO_Coal,2030,2,7,8,0.0
12137,RO_Coal,2030,2,9,10,0.0
12138,RO_Coal,2030,2,11,12,0.0
12139,RO_Coal,2030,2,13,14,0.0
12140,RO_Coal,2030,2,15,16,0.0
12141,RO_Coal,2030,2,17,18,0.0
12142,RO_Coal,2030,2,19,20,0.0
12143,RO_Coal,2030,2,21,22,0.0
12144,RO_Coal,2030,2,23,24,0.0
12145,RO_Coal,2030,3,1,2,0.0
12146,RO_Coal,2030,3,3,4,0.0
12147,RO_Coal,2030,3,5,6,0.0
12148,RO_Coal,2030,3,7,8,0.0
12149,RO_Coal,2030,3,9,10,0.0
12150,RO_Coal,2030,3,11,12,0.0
12151,RO_Coal,2030,3,13,14,0.0
12152,RO_Coal,2030,3,15,16,0.0
12153,RO_Coal,2030,3,17,18,0.0
12154,RO_Coal,2030,3,19,20,0.0
12155,RO_Coal,2030,3,21,22,0.0
12156,RO_Coal,2030,3,23,24,0.0
12157,RO_Coal,2030,4,1,2,0.0
12158,RO_Coal,2030,4,3,4,0.0
12159,RO_Coal,2030,4,5,6,0.0
12160,RO_Coal,2030,4,7,8,0.0
12161,RO_Coal,2030,4,9,10,0.0
12162,RO_Coal,2030,4,11,12,0.0
12163,RO_Coal,2030,4,13,14,0.0
12164,RO_Coal,2030,4,15,16,-13.93433141133267
12165,RO_Coal,2030,4,17,18,0.0
12166,RO_Coal,2030,4,19,20,0.0
12167,RO_Coal,2030,4,21,22,0.0
12168,RO_Coal,2030,4,23,24,0.0
12169,RO_Coal,2030,5,1,2,0.0
12170,RO_Coal,2030,5,3,4,0.0
12171,RO_Coal,2030,5,5,6,0.0
12172,RO_Coal,2030,5,7,8,0.0
12173,RO_Coal,2030,5,9,10,0.0
12174,RO_Coal,2030,5,11,12,0.0
12175,RO_Coal,2030,5,13,14,0.0
12176,RO_Coal,2030,5,15,16,0.0
12177,RO_Coal,2030,5,17,18,0.0
12178,RO_Coal,2030,5,19,20,0.0
12179,RO_Coal,2030,5,21,22,0.0
12180,RO_Coal,2030,5,23,24,0.0
12181,RO_Coal,2030,6,1,2,0.0
12182,RO_Coal,2030,6,3,4,0.0
12183,RO_Coal,2030,6,5,6,0.0
12184,RO_Coal,2030,6,7,8,0.0
12185,RO_Coal,2030,6,9,10,0.0
12186,RO_Coal,2030,6,11,12,0.0
12187,RO_Coal,2030,6,13,14,0.0
12188,RO_Coal,2030,6,15,16,0.0
12189,RO_Coal,2030,6,17,18,0.0
12190,RO_Coal,2030,6,19,20,0.0
12191,RO_Coal,2030,6,21,22,0.0
12192,RO_Coal,2030,6,23,24,0.0
12193,RO_Coal,2030,7,1,2,0.0
12194,RO_Coal,2030,7,3,4,0.0
12195,RO_Coal,2030,7,5,6,0.0
12196,RO_Coal,2030,7,7,8,0.0
12197,RO_Coal,2030,7,9,10,0.0
12198,RO_Coal,2030,7,11,12,0.0
12199,RO_Coal,2030,7,13,14,0.0
12200,RO_Coal,2030,7,15,16,0.0
12201,RO_Coal,2030,7,17,18,0.0
12202,RO_Coal,2030,7,19,20,0.0
12203,RO_Coal,2030,7,21,22,0.0
12204,RO_Coal,2030,7,23,24,0.0
12205,RO_Coal,2030,8,1,2,0.0
12206,RO_Coal,2030,8,3,4,0.0
12207,RO_Coal,2030,8,5,6,0.0
12208,RO_Coal,2030,8,7,8,0.0
12209,RO_Coal,2030,8,9,10,0.0
12210,RO_Coal,2030,8,11,12,0.0
12211,RO_Coal,2030,8,13,14,0.0
12212,RO_Coal,2030,8,15,16,0.0
12213,RO_Coal,2030,8,17,18,0.0
12214,RO_Coal,2030,8,19,20,0.0
12215,RO_Coal,2030,8,21,22,0.0
12216,RO_Coal,2030,8,23,24,0.0
12217,RO_Coal,2030,9,1,2,0.0
12218,RO_Coal,2030,9,3,4,0.0
12219,RO_Coal,2030,9,5,6,0.0
12220,RO_Coal,2030,9,7,8,0.0
12221,RO_Coal,2030,9,9,10,0.0
12222,RO_Coal,2030,9,11,12,0.0
12223,RO_Coal,2030,9,13,14,0.0
12224,RO_Coal,2030,9,15,16,0.0
12225,RO_Coal,2030,9,17,18,0.0
12226,RO_Coal,2030,9,19,20,0.0
12227,RO_Coal,2030,9,21,22,0.0
12228,RO_Coal,2030,9,23,24,0.0
12229,RO_Coal,2030,10,1,2,0.0
12230,RO_Coal,2030,10,3,4,0.0
12231,RO_Coal,2030,10,5,6,0.0
12232,RO_Coal,2030,10,7,8,0.0
12233,RO_Coal,2030,10,9,10,0.0
12234,RO_Coal,2030,10,11,12,0.0
12235,RO_Coal,2030,10,13,14,0.0
12236,RO_Coal,2030,10,15,16,0.0
12237,RO_Coal,2030,10,17,18,0.0
12238,RO_Coal,2030,10,19,20,0.0
12239,RO_Coal,2030,10,21,22,0.0
12240,RO_Coal,2030,10,23,24,0.0
12241,RO_Nuclear,2030,1,1,2,0.0
12242,RO_Nuclear,2030,1,3,4,0.0
12243,RO_Nuclear,2030,1,5,6,0.0
12244,RO_Nuclear,2030,1,7,8,0.0
12245,RO_Nuclear,2030,1,9,10,0.0
12246,RO_Nuclear,2030,1,11,12,0.0
12247,RO_Nuclear,2030,1,13,14,0.0
12248,RO_Nuclear,2030,1,15,16,0.0
12249,RO_Nuclear,2030,1,17,18,0.0
12250,RO_Nuclear,2030,1,19,20,0.0
12251,RO_Nuclear,2030,1,21,22,0.0
12252,RO_Nuclear,2030,1,23,24,0.0
12253,RO_Nuclear,2030,2,1,2,0.0
12254,RO_Nuclear,2030,2,3,4,0.0
12255,RO_Nuclear,2030,2,5,6,0.0
12256,RO_Nuclear,2030,2,7,8,0.0
12257,RO_Nuclear,2030,2,9,10,0.0
12258,RO_Nuclear,2030,2,11,12,0.0
12259,RO_Nuclear,2030,2,13,14,0.0
12260,RO_Nuclear,2030,2,15,16,0.0
12261,RO_Nuclear,2030,2,17,18,0.0
12262,RO_Nuclear,2030,2,19,20,0.0
12263,RO_Nuclear,2030,2,21,22,0.0
12264,RO_Nuclear,2030,2,23,24,0.0
12265,RO_Nuclear,2030,3,1,2,0.0
12266,RO_Nuclear,2030,3,3,4,0.0
12267,RO_Nuclear,2030,3,5,6,0.0
12268,RO_Nuclear,2030,3,7,8,0.0
12269,RO_Nuclear,2030,3,9,10,0.0
12270,RO_Nuclear,2030,3,11,12,0.0
12271,RO_Nuclear,2030,3,13,14,0.0
12272,RO_Nuclear,2030,3,15,16,0.0
12273,RO_Nuclear,2030,3,17,18,0.0
12274,RO_Nuclear,2030,3,19,20,0.0
12275,RO_Nuclear,2030,3,21,22,0.0
12276,RO_Nuclear,2030,3,23,24,0.0
12277,RO_Nuclear,2030,4,1,2,0.0
12278,RO_Nuclear,2030,4,3,4,0.0
12279,RO_Nuclear,2030,4,5,6,0.0
12280,RO_Nuclear,2030,4,7,8,0.0
12281,RO_Nuclear,2030,4,9,10,0.0
12282,RO_Nuclear,2030,4,11,12,0.0
12283,RO_Nuclear,2030,4,13,14,0.0
12284,RO_Nuclear,2030,4,15,16,0.0
12285,RO_Nuclear,2030,4,17,18,0.0
12286,RO_Nuclear,2030,4,19,20,0.0
12287,RO_Nuclear,2030,4,21,22,0.0
12288,RO_Nuclear,2030,4,23,24,0.0
12289,RO_Nuclear,2030,5,1,2,0.0
12290,RO_Nuclear,2030,5,3,4,0.0
12291,RO_Nuclear,2030,5,5,6,0.0
12292,RO_Nuclear,2030,5,7,8,0.0
12293,RO_Nuclear,2030,5,9,10,0.0
12294,RO_Nuclear,2030,5,11,12,0.0
12295,RO_Nuclear,2030,5,13,14,0.0
12296,RO_Nuclear,2030,5,15,16,0.0
12297,RO_Nuclear,2030,5,17,18,0.0
12298,RO_Nuclear,2030,5,19,20,0.0
12299,RO_Nuclear,2030,5,21,22,0.0
12300,RO_Nuclear,2030,5,23,24,0.0
12301,RO_Nuclear,2030,6,1,2,0.0
12302,RO_Nuclear,2030,6,3,4,0.0
12303,RO_Nuclear,2030,6,5,6,0.0
12304,RO_Nuclear,2030,6,7,8,0.0
12305,RO_Nuclear,2030,6,9,10,0.0
12306,RO_Nuclear,2030,6,11,12,0.0
12307,RO_Nuclear,2030,6,13,14,0.0
12308,RO_Nuclear,2030,6,15,16,0.0
12309,RO_Nuclear,2030,6,17,18,0.0
12310,RO_Nuclear,2030,6,19,20,0.0
12311,RO_Nuclear,2030,6,21,22,0.0
12312,RO_Nuclear,2030,6,23,24,0.0
12313,RO_Nuclear,2030,7,1,2,0.0
12314,RO_Nuclear,2030,7,3,4,0.0
12315,RO_Nuclear,2030,7,5,6,0.0
12316,RO_Nuclear,2030,7,7,8,0.0
12317,RO_Nuclear,2030,7,9,10,0.0
12318,RO_Nuclear,2030,7,11,12,0.0
12319,RO_Nuclear,2030,7,13,14,0.0
12320,RO_Nuclear,2030,7,15,16,0.0
12321,RO_Nuclear,2030,7,17,18,0.0
12322,RO_Nuclear,2030,7,19,20,0.0
12323,RO_Nuclear,2030,7,21,22,0.0
12324,RO_Nuclear,2030,7,23,24,0.0
12325,RO_Nuclear,2030,8,1,2,0.0
12326,RO_Nuclear,2030,8,3,4,0.0
12327,RO_Nuclear,2030,8,5,6,0.0
12328,RO_Nuclear,2030,8,7,8,0.0
12329,RO_Nuclear,2030,8,9,10,0.0
12330,RO_Nuclear,2030,8,11,12,0.0
12331,RO_Nuclear,2030,8,13,14,0.0
12332,RO_Nuclear,2030,8,15,16,0.0
12333,RO_Nuclear,2030,8,17,18,0.0
12334,RO_Nuclear,2030,8,19,20,0.0
12335,RO_Nuclear,2030,8,21,22,0.0
12336,RO_Nuclear,2030,8,23,24,0.0
12337,RO_Nuclear,2030,9,1,2,0.0
12338,RO_Nuclear,2030,9,3,4,0.0
12339,RO_Nuclear,2030,9,5,6,0.0
12340,RO_Nuclear,2030,9,7,8,0.0
12341,RO_Nuclear,2030,9,9,10,0.0
12342,RO_Nuclear,2030,9,11,12,0.0
12343,RO_Nuclear,2030,9,13,14,0.0
12344,RO_Nuclear,2030,9,15,16,0.0
12345,RO_Nuclear,2030,9,17,18,0.0
12346,RO_Nuclear,2030,9,19,20,0.0
12347,RO_Nuclear,2030,9,21,22,0.0
12348,RO_Nuclear,2030,9,23,24,0.0
12349,RO_Nuclear,2030,10,1,2,0.0
12350,RO_Nuclear,2030,10,3,4,0.0
12351,RO_Nuclear,2030,10,5,6,0.0
12352,RO_Nuclear,2030,10,7,8,0.0
12353,RO_Nuclear,2030,10,9,10,0.0
12354,RO_Nuclear,2030,10,11,12,0.0
12355,RO_Nuclear,2030,10,13,14,0.0
12356,RO_Nuclear,2030,10,15,16,0.0
12357,RO_Nuclear,2030,10,17,18,0.0
12358,RO_Nuclear,2030,10,19,20,0.0
12359,RO_Nuclear,2030,10,21,22,0.0
12360,RO_Nuclear,2030,10,23,24,0.0
12361,RO_OCGT,2030,1,1,2,0.0
12362,RO_OCGT,2030,1,3,4,0.0
12363,RO_OCGT,2030,1,5,6,0.0
12364,RO_OCGT,2030,1,7,8,0.0
12365,RO_OCGT,2030,1,9,10,0.0
12366,RO_OCGT,2030,1,11,12,0.0
12367,RO_OCGT,2030,1,13,14,0.0
12368,RO_OCGT,2030,1,15,16,0.0
12369,RO_OCGT,2030,1,17,18,0.0
12370,RO_OCGT,2030,1,19,20,0.0
12371,RO_OCGT,2030,1,21,22,0.0
12372,RO_OCGT,2030,1,23,24,0.0
12373,RO_OCGT,2030,2,1,2,0.0
12374,RO_OCGT,2030,2,3,4,0.0
12375,RO_OCGT,2030,2,5,6,0.0
12376,RO_OCGT,2030,2,7,8,0.0
12377,RO_OCGT,2030,2,9,10,0.0
12378,RO_OCGT,2030,2,11,12,0.0
12379,RO_OCGT,2030,2,13,14,0.0
12380,RO_OCGT,2030,2,15,16,0.0
12381,RO_OCGT,2030,2,17,18,0.0
12382,RO_OCGT,2030,2,19,20,0.0
12383,RO_OCGT,2030,2,21,22,0.0
12384,RO_OCGT,2030,2,23,24,0.0
12385,RO_OCGT,2030,3,1,2,0.0
12386,RO_OCGT,2030,3,3,4,0.0
12387,RO_OCGT,2030,3,5,6,0.0
12388,RO_OCGT,2030,3,7,8,0.0
12389,RO_OCGT,2030,3,9,10,0.0
12390,RO_OCGT,2030,3,11,12,0.0
12391,RO_OCGT,2030,3,13,14,0.0
12392,RO_OCGT,2030,3,15,16,0.0
12393,RO_OCGT,2030,3,17,18,0.0
12394,RO_OCGT,2030,3,19,20,0.0
12395,RO_OCGT,2030,3,21,22,0.0
12396,RO_OCGT,2030,3,23,24,0.0
12397,RO_OCGT,2030,4,1,2,0.0
12398,RO_OCGT,2030,4,3,4,0.0
12399,RO_OCGT,2030,4,5,6,0.0
12400,RO_OCGT,2030,4,7,8,0.0
12401,RO_OCGT,2030,4,9,10,0.0
12402,RO_OCGT,2030,4,11,12,0.0
12403,RO_OCGT,2030,4,13,14,0.0
12404,RO_OCGT,2030,4,15,16,-12.402531411332669
12405,RO_OCGT,2030,4,17,18,-18.800897116999007
12406,RO_OCGT,2030,4,19,20,0.0
12407,RO_OCGT,2030,4,21,22,0.0
12408,RO_OCGT,2030,4,23,24,0.0
12409,RO_OCGT,2030,5,1,2,0.0
12410,RO_OCGT,2030,5,3,4,0.0
12411,RO_OCGT,2030,5,5,6,0.0
12412,RO_OCGT,2030,5,7,8,0.0
12413,RO_OCGT,2030,5,9,10,0.0
12414,RO_OCGT,2030,5,11,12,0.0
12415,RO_OCGT,2030,5,13,14,0.0
12416,RO_OCGT,2030,5,15,16,0.0
12417,RO_OCGT,2030,5,17,18,0.0
12418,RO_OCGT,2030,5,19,20,0.0
12419,RO_OCGT,2030,5,21,22,0.0
12420,RO_OCGT,2030,5,23,24,0.0
12421,RO_OCGT,2030,6,1,2,0.0
12422,RO_OCGT,2030,6,3,4,0.0
12423,RO_OCGT,2030,6,5,6,0.0
12424,RO_OCGT,2030,6,7,8,0.0
12425,RO_OCGT,2030,6,9,10,0.0
12426,RO_OCGT,2030,6,11,12,0.0
12427,RO_OCGT,2030,6,13,14,0.0
12428,RO_OCGT,2030,6,15,16,0.0
12429,RO_OCGT,2030,6,17,18,0.0
12430,RO_OCGT,2030,6,19,20,0.0
12431,RO_OCGT,2030,6,21,22,0.0
12432,RO_OCGT,2030,6,23,24,0.0
12433,RO_OCGT,2030,7,1,2,0.0
12434,RO_OCGT,2030,7,3,4,0.0
12435,RO_OCGT,2030,7,5,6,0.0
12436,RO_OCGT,2030,7,7,8,0.0
12437,RO_OCGT,2030,7,9,10,0.0
12438,RO_OCGT,2030,7,11,12,0.0
12439,RO_OCGT,2030,7,13,14,0.0
12440,RO_OCGT,2030,7,15,16,0.0
12441,RO_OCGT,2030,7,17,18,0.0
12442,RO_OCGT,2030,7,19,20,0.0
12443,RO_OCGT,2030,7,21,22,0.0
12444,RO_OCGT,2030,7,23,24,0.0
12445,RO_OCGT,2030,8,1,2,0.0
12446,RO_OCGT,2030,8,3,4,0.0
12447,RO_OCGT,2030,8,5,6,0.0
12448,RO_OCGT,2030,8,7,8,0.0
12449,RO_OCGT,2030,8,9,10,0.0
12450,RO_OCGT,2030,8,11,12,0.0
12451,RO_OCGT,2030,8,13,14,0.0
12452,RO_OCGT,2030,8,15,16,0.0
12453,RO_OCGT,2030,8,17,18,0.0
12454,RO_OCGT,2030,8,19,20,0.0
12455,RO_OCGT,2030,8,21,22,0.0
12456,RO_OCGT,2030,8,23,24,0.0
12457,RO_OCGT,2030,9,1,2,0.0
12458,RO_OCGT,2030,9,3,4,0.0
12459,RO_OCGT,2030,9,5,6,0.0
12460,RO_OCGT,2030,9,7,8,0.0
12461,RO_OCGT,2030,9,9,10,0.0
12462,RO_OCGT,2030,9,11,12,0.0
12463,RO_OCGT,2030,9,13,14,0.0
12464,RO_OCGT,2030,9,15,16,0.0
12465,RO_OCGT,2030,9,17,18,0.0
12466,RO_OCGT,2030,9,19,20,0.0
12467,RO_OCGT,2030,9,21,22,0.0
12468,RO_OCGT,2030,9,23,24,0.0
12469,RO_OCGT,2030,10,1,2,0.0
12470,RO_OCGT,2030,10,3,4,0.0
12471,RO_OCGT,2030,10,5,6,0.0
12472,RO_OCGT,2030,10,7,8,0.0
12473,RO_OCGT,2030,10,9,10,0.0
12474,RO_OCGT,2030,10,11,12,0.0
12475,RO_OCGT,2030,10,13,14,0.0
12476,RO_OCGT,2030,10,15,16,0.0
12477,RO_OCGT,2030,10,17,18,0.0
12478,RO_OCGT,2030,10,19,20,0.0
12479,RO_OCGT,2030,10,21,22,0.0
12480,RO_OCGT,2030,10,23,24,0.0
12481,SE_CCGT,2030,1,1,2,0.0
12482,SE_CCGT,2030,1,3,4,0.0
12483,SE_CCGT,2030,1,5,6,0.0
12484,SE_CCGT,2030,1,7,8,0.0
12485,SE_CCGT,2030,1,9,10,0.0
12486,SE_CCGT,2030,1,11,12,0.0
12487,SE_CCGT,2030,1,13,14,0.0
12488,SE_CCGT,2030,1,15,16,0.0
12489,SE_CCGT,2030,1,17,18,0.0
12490,SE_CCGT,2030,1,19,20,0.0
12491,SE_CCGT,2030,1,21,22,0.0
12492,SE_CCGT,2030,1,23,24,0.0
12493,SE_CCGT,2030,2,1,2,0.0
12494,SE_CCGT,2030,2,3,4,0.0
12495,SE_CCGT,2030,2,5,6,0.0
12496,SE_CCGT,2030,2,7,8,0.0
12497,SE_CCGT,2030,2,9,10,0.0
12498,SE_CCGT,2030,2,11,12,0.0
12499,SE_CCGT,2030,2,13,14,0.0
12500,SE_CCGT,2030,2,15,16,0.0
12501,SE_CCGT,2030,2,17,18,0.0
12502,SE_CCGT,2030,2,19,20,0.0
12503,SE_CCGT,2030,2,21,22,0.0
12504,SE_CCGT,2030,2,23,24,0.0
12505,SE_CCGT,2030,3,1,2,0.0
12506,SE_CCGT,2030,3,3,4,0.0
12507,SE_CCGT,2030,3,5,6,0.0
12508,SE_CCGT,2030,3,7,8,0.0
12509,SE_CCGT,2030,3,9,10,0.0
12510,SE_CCGT,2030,3,11,12,0.0
12511,SE_CCGT,2030,3,13,14,0.0
12512,SE_CCGT,2030,3,15,16,0.0
12513,SE_CCGT,2030,3,17,18,0.0
12514,SE_CCGT,2030,3,19,20,0.0
12515,SE_CCGT,2030,3,21,22,0.0
12516,SE_CCGT,2030,3,23,24,0.0
12517,SE_CCGT,2030,4,1,2,0.0
12518,SE_CCGT,2030,4,3,4,0.0
12519,SE_CCGT,2030,4,5,6,0.0
12520,SE_CCGT,2030,4,7,8,0.0
12521,SE_CCGT,2030,4,9,10,0.0
12522,SE_CCGT,2030,4,11,12,0.0
12523,SE_CCGT,2030,4,13,14,0.0
12524,SE_CCGT,2030,4,15,16,0.0
12525,SE_CCGT,2030,4,17,18,0.0
12526,SE_CCGT,2030,4,19,20,0.0
12527,SE_CCGT,2030,4,21,22,0.0
12528,SE_CCGT,2030,4,23,24,0.0
12529,SE_CCGT,2030,5,1,2,0.0
12530,SE_CCGT,2030,5,3,4,0.0
12531,SE_CCGT,2030,5,5,6,0.0
12532,SE_CCGT,2030,5,7,8,0.0
12533,SE_CCGT,2030,5,9,10,0.0
12534,SE_CCGT,2030,5,11,12,0.0
12535,SE_CCGT,2030,5,13,14,0.0
12536,SE_CCGT,2030,5,15,16,0.0
12537,SE_CCGT,2030,5,17,18,0.0
12538,SE_CCGT,2030,5,19,20,0.0
12539,SE_CCGT,2030,5,21,22,0.0
12540,SE_CCGT,2030,5,23,24,0.0
12541,SE_CCGT,2030,6,1,2,0.0
12542,SE_CCGT,2030,6,3,4,0.0
12543,SE_CCGT,2030,6,5,6,0.0
12544,SE_CCGT,2030,6,7,8,0.0
12545,SE_CCGT,2030,6,9,10,0.0
12546,SE_CCGT,2030,6,11,12,0.0
12547,SE_CCGT,2030,6,13,14,0.0
12548,SE_CCGT,2030,6,15,16,0.0
12549,SE_CCGT,2030,6,17,18,0.0
12550,SE_CCGT,2030,6,19,20,0.0
12551,SE_CCGT,2030,6,21,22,0.0
12552,SE_CCGT,2030,6,23,24,0.0
12553,SE_CCGT,2030,7,1,2,0.0
12554,SE_CCGT,2030,7,3,4,0.0
12555,SE_CCGT,2030,7,5,6,0.0
12556,SE_CCGT,2030,7,7,8,0.0
12557,SE_CCGT,2030,7,9,10,0.0
12558,SE_CCGT,2030,7,11,12,0.0
12559,SE_CCGT,2030,7,13,14,0.0
12560,SE_CCGT,2030,7,15,16,0.0
12561,SE_CCGT,2030,7,17,18,0.0
12562,SE_CCGT,2030,7,19,20,0.0
12563,SE_CCGT,2030,7,21,22,0.0
12564,SE_CCGT,2030,7,23,24,0.0
12565,SE_CCGT,2030,8,1,2,0.0
12566,SE_CCGT,2030,8,3,4,0.0
12567,SE_CCGT,2030,8,5,6,0.0
12568,SE_CCGT,2030,8,7,8,0.0
12569,SE_CCGT,2030,8,9,10,0.0
12570,SE_CCGT,2030,8,11,12,0.0
12571,SE_CCGT,2030,8,13,14,0.0
12572,SE_CCGT,2030,8,15,16,0.0
12573,SE_CCGT,2030,8,17,18,0.0
12574,SE_CCGT,2030,8,19,20,0.0
12575,SE_CCGT,2030,8,21,22,0.0
12576,SE_CCGT,2030,8,23,24,0.0
12577,SE_CCGT,2030,9,1,2,0.0
12578,SE_CCGT,2030,9,3,4,0.0
12579,SE_CCGT,2030,9,5,6,0.0
12580,SE_CCGT,2030,9,7,8,0.0
12581,SE_CCGT,2030,9,9,10,0.0
12582,SE_CCGT,2030,9,11,12,-1.324800000000006
12583,SE_CCGT,2030,9,13,14,0.0
12584,SE_CCGT,2030,9,15,16,0.0
12585,SE_CCGT,2030,9,17,18,0.0
12586,SE_CCGT,2030,9,19,20,0.0
12587,SE_CCGT,2030,9,21,22,0.0
12588,SE_CCGT,2030,9,23,24,0.0
12589,SE_CCGT,2030,10,1,2,0.0
12590,SE_CCGT,2030,10,3,4,0.0
12591,SE_CCGT,2030,10,5,6,0.0
12592,SE_CCGT,2030,10,7,8,0.0
12593,SE_CCGT,2030,10,9,10,0.0
12594,SE_CCGT,2030,10,11,12,0.0
12595,SE_CCGT,2030,10,13,14,0.0
12596,SE_CCGT,2030,10,15,16,0.0
12597,SE_CCGT,2030,10,17,18,0.0
12598,SE_CCGT,2030,10,19,20,0.0
12599,SE_CCGT,2030,10,21,22,0.0
12600,SE_CCGT,2030,10,23,24,0.0
12601,SE_Coal,2030,1,1,2,0.0
12602,SE_Coal,2030,1,3,4,0.0
12603,SE_Coal,2030,1,5,6,0.0
12604,SE_Coal,2030,1,7,8,0.0
12605,SE_Coal,2030,1,9,10,0.0
12606,SE_Coal,2030,1,11,12,0.0
12607,SE_Coal,2030,1,13,14,0.0
12608,SE_Coal,2030,1,15,16,0.0
12609,SE_Coal,2030,1,17,18,0.0
12610,SE_Coal,2030,1,19,20,0.0
12611,SE_Coal,2030,1,21,22,0.0
12612,SE_Coal,2030,1,23,24,0.0
12613,SE_Coal,2030,2,1,2,0.0
12614,SE_Coal,2030,2,3,4,0.0
12615,SE_Coal,2030,2,5,6,0.0
12616,SE_Coal,2030,2,7,8,0.0
12617,SE_Coal,2030,2,9,10,0.0
12618,SE_Coal,2030,2,11,12,0.0
12619,SE_Coal,2030,2,13,14,0.0
12620,SE_Coal,2030,2,15,16,0.0
12621,SE_Coal,2030,2,17,18,0.0
12622,SE_Coal,2030,2,19,20,0.0
12623,SE_Coal,2030,2,21,22,0.0
12624,SE_Coal,2030,2,23,24,0.0
12625,SE_Coal,2030,3,1,2,0.0
12626,SE_Coal,2030,3,3,4,0.0
12627,SE_Coal,2030,3,5,6,0.0
12628,SE_Coal,2030,3,7,8,0.0
12629,SE_Coal,2030,3,9,10,0.0
12630,SE_Coal,2030,3,11,12,0.0
12631,SE_Coal,2030,3,13,14,0.0
12632,SE_Coal,2030,3,15,16,0.0
12633,SE_Coal,2030,3,17,18,0.0
12634,SE_Coal,2030,3,19,20,0.0
12635,SE_Coal,2030,3,21,22,0.0
12636,SE_Coal,2030,3,23,24,0.0
12637,SE_Coal,2030,4,1,2,0.0
12638,SE_Coal,2030,4,3,4,0.0
12639,SE_Coal,2030,4,5,6,0.0
12640,SE_Coal,2030,4,7,8,0.0
12641,SE_Coal,2030,4,9,10,0.0
12642,SE_Coal,2030,4,11,12,0.0
12643,SE_Coal,2030,4,13,14,0.0
12644,SE_Coal,2030,4,15,16,0.0
12645,SE_Coal,2030,4,17,18,0.0
12646,SE_Coal,2030,4,19,20,0.0
12647,SE_Coal,2030,4,21,22,0.0
12648,SE_Coal,2030,4,23,24,0.0
12649,SE_Coal,2030,5,1,2,0.0
12650,SE_Coal,2030,5,3,4,0.0
12651,SE_Coal,2030,5,5,6,0.0
12652,SE_Coal,2030,5,7,8,0.0
12653,SE_Coal,2030,5,9,10,0.0
12654,SE_Coal,2030,5,11,12,0.0
12655,SE_Coal,2030,5,13,14,0.0
12656,SE_Coal,2030,5,15,16,0.0
12657,SE_Coal,2030,5,17,18,0.0
12658,SE_Coal,2030,5,19,20,0.0
12659,SE_Coal,2030,5,21,22,0.0
12660,SE_Coal,2030,5,23,24,0.0
12661,SE_Coal,2030,6,1,2,0.0
12662,SE_Coal,2030,6,3,4,0.0
12663,SE_Coal,2030,6,5,6,0.0
12664,SE_Coal,2030,6,7,8,0.0
12665,SE_Coal,2030,6,9,10,0.0
12666,SE_Coal,2030,6,11,12,0.0
12667,SE_Coal,2030,6,13,14,0.0
12668,SE_Coal,2030,6,15,16,0.0
12669,SE_Coal,2030,6,17,18,0.0
12670,SE_Coal,2030,6,19,20,0.0
12671,SE_Coal,2030,6,21,22,0.0
12672,SE_Coal,2030,6,23,24,0.0
12673,SE_Coal,2030,7,1,2,0.0
12674,SE_Coal,2030,7,3,4,0.0
12675,SE_Coal,2030,7,5,6,0.0
12676,SE_Coal,2030,7,7,8,0.0
12677,SE_Coal,2030,7,9,10,0.0
12678,SE_Coal,2030,7,11,12,0.0
12679,SE_Coal,2030,7,13,14,0.0
12680,SE_Coal,2030,7,15,16,0.0
12681,SE_Coal,2030,7,17,18,0.0
12682,SE_Coal,2030,7,19,20,0.0
12683,SE_Coal,2030,7,21,22,0.0
12684,SE_Coal,2030,7,23,24,0.0
12685,SE_Coal,2030,8,1,2,0.0
12686,SE_Coal,2030,8,3,4,0.0
12687,SE_Coal,2030,8,5,6,0.0
12688,SE_Coal,2030,8,7,8,0.0
12689,SE_Coal,2030,8,9,10,0.0
12690,SE_Coal,2030,8,11,12,0.0
12691,SE_Coal,2030,8,13,14,0.0
12692,SE_Coal,2030,8,15,16,0.0
12693,SE_Coal,2030,8,17,18,0.0
12694,SE_Coal,2030,8,19,20,0.0
12695,SE_Coal,2030,8,21,22,0.0
12696,SE_Coal,2030,8,23,24,0.0
12697,SE_Coal,2030,9,1,2,0.0
12698,SE_Coal,2030,9,3,4,0.0
12699,SE_Coal,2030,9,5,6,0.0
12700,SE_Coal,2030,9,7,8,0.0
12701,SE_Coal,2030,9,9,10,0.0
12702,SE_Coal,2030,9,11,12,0.0
12703,SE_Coal,2030,9,13,14,0.0
12704,SE_Coal,2030,9,15,16,0.0
12705,SE_Coal,2030,9,17,18,0.0
12706,SE_Coal,2030,9,19,20,0.0
12707,SE_Coal,2030,9,21,22,0.0
12708,SE_Coal,2030,9,23,24,0.0
12709,SE_Coal,2030,10,1,2,0.0
12710,SE_Coal,2030,10,3,4,0.0
12711,SE_Coal,2030,10,5,6,0.0
12712,SE_Coal,2030,10,7,8,0.0
12713,SE_Coal,2030,10,9,10,0.0
12714,SE_Coal,2030,10,11,12,0.0
12715,SE_Coal,2030,10,13,14,0.0
12716,SE_Coal,2030,10,15,16,0.0
12717,SE_Coal,2030,10,17,18,0.0
12718,SE_Coal,2030,10,19,20,0.0
12719,SE_Coal,2030,10,21,22,0.0
12720,SE_Coal,2030,10,23,24,0.0
12721,SE_Nuclear,2030,1,1,2,0.0
12722,SE_Nuclear,2030,1,3,4,0.0
12723,SE_Nuclear,2030,1,5,6,0.0
12724,SE_Nuclear,2030,1,7,8,0.0
12725,SE_Nuclear,2030,1,9,10,0.0
12726,SE_Nuclear,2030,1,11,12,0.0
12727,SE_Nuclear,2030,1,13,14,0.0
12728,SE_Nuclear,2030,1,15,16,0.0
12729,SE_Nuclear,2030,1,17,18,0.0
12730,SE_Nuclear,2030,1,19,20,0.0
12731,SE_Nuclear,2030,1,21,22,0.0
12732,SE_Nuclear,2030,1,23,24,0.0
12733,SE_Nuclear,2030,2,1,2,0.0
12734,SE_Nuclear,2030,2,3,4,0.0
12735,SE_Nuclear,2030,2,5,6,0.0
12736,SE_Nuclear,2030,2,7,8,0.0
12737,SE_Nuclear,2030,2,9,10,0.0
12738,SE_Nuclear,2030,2,11,12,0.0
12739,SE_Nuclear,2030,2,13,14,0.0
12740,SE_Nuclear,2030,2,15,16,0.0
12741,SE_Nuclear,2030,2,17,18,0.0
12742,SE_Nuclear,2030,2,19,20,0.0
12743,SE_Nuclear,2030,2,21,22,0.0
12744,SE_Nuclear,2030,2,23,24,0.0
12745,SE_Nuclear,2030,3,1,2,0.0
12746,SE_Nuclear,2030,3,3,4,0.0
12747,SE_Nuclear,2030,3,5,6,0.0
12748,SE_Nuclear,2030,3,7,8,0.0
12749,SE_Nuclear,2030,3,9,10,0.0
12750,SE_Nuclear,2030,3,11,12,0.0
12751,SE_Nuclear,2030,3,13,14,0.0
12752,SE_Nuclear,2030,3,15,16,0.0
12753,SE_Nuclear,2030,3,17,18,0.0
12754,SE_Nuclear,2030,3,19,20,0.0
12755,SE_Nuclear,2030,3,21,22,0.0
12756,SE_Nuclear,2030,3,23,24,0.0
12757,SE_Nuclear,2030,4,1,2,0.0
12758,SE_Nuclear,2030,4,3,4,0.0
12759,SE_Nuclear,2030,4,5,6,0.0
12760,SE_Nuclear,2030,4,7,8,0.0
12761,SE_Nuclear,2030,4,9,10,0.0
12762,SE_Nuclear,2030,4,11,12,0.0
12763,SE_Nuclear,2030,4,13,14,0.0
12764,SE_Nuclear,2030,4,15,16,0.0
12765,SE_Nuclear,2030,4,17,18,0.0
12766,SE_Nuclear,2030,4,19,20,0.0
12767,SE_Nuclear,2030,4,21,22,0.0
12768,SE_Nuclear,2030,4,23,24,0.0
12769,SE_Nuclear,2030,5,1,2,0.0
12770,SE_Nuclear,2030,5,3,4,0.0
12771,SE_Nuclear,2030,5,5,6,0.0
12772,SE_Nuclear,2030,5,7,8,0.0
12773,SE_Nuclear,2030,5,9,10,0.0
12774,SE_Nuclear,2030,5,11,12,0.0
12775,SE_Nuclear,2030,5,13,14,0.0
12776,SE_Nuclear,2030,5,15,16,0.0
12777,SE_Nuclear,2030,5,17,18,0.0
12778,SE_Nuclear,2030,5,19,20,0.0
12779,SE_Nuclear,2030,5,21,22,0.0
12780,SE_Nuclear,2030,5,23,24,0.0
12781,SE_Nuclear,2030,6,1,2,0.0
12782,SE_Nuclear,2030,6,3,4,0.0
12783,SE_Nuclear,2030,6,5,6,0.0
12784,SE_Nuclear,2030,6,7,8,0.0
12785,SE_Nuclear,2030,6,9,10,0.0
12786,SE_Nuclear,2030,6,11,12,0.0
12787,SE_Nuclear,2030,6,13,14,0.0
12788,SE_Nuclear,2030,6,15,16,0.0
12789,SE_Nuclear,2030,6,17,18,0.0
12790,SE_Nuclear,2030,6,19,20,0.0
12791,SE_Nuclear,2030,6,21,22,0.0
12792,SE_Nuclear,2030,6,23,24,0.0
12793,SE_Nuclear,2030,7,1,2,0.0
12794,SE_Nuclear,2030,7,3,4,0.0
12795,SE_Nuclear,2030,7,5,6,0.0
12796,SE_Nuclear,2030,7,7,8,0.0
12797,SE_Nuclear,2030,7,9,10,0.0
12798,SE_Nuclear,2030,7,11,12,0.0
12799,SE_Nuclear,2030,7,13,14,0.0
12800,SE_Nuclear,2030,7,15,16,0.0
12801,SE_Nuclear,2030,7,17,18,0.0
12802,SE_Nuclear,2030,7,19,20,0.0
12803,SE_Nuclear,2030,7,21,22,0.0
12804,SE_Nuclear,2030,7,23,24,0.0
12805,SE_Nuclear,2030,8,1,2,0.0
12806,SE_Nuclear,2030,8,3,4,0.0
12807,SE_Nuclear,2030,8,5,6,0.0
12808,SE_Nuclear,2030,8,7,8,0.0
12809,SE_Nuclear,2030,8,9,10,0.0
12810,SE_Nuclear,2030,8,11,12,0.0
12811,SE_Nuclear,2030,8,13,14,0.0
12812,SE_Nuclear,2030,8,15,16,0.0
12813,SE_Nuclear,2030,8,17,18,0.0
12814,SE_Nuclear,2030,8,19,20,0.0
12815,SE_Nuclear,2030,8,21,22,0.0
12816,SE_Nuclear,2030,8,23,24,0.0
12817,SE_Nuclear,2030,9,1,2,0.0
12818,SE_Nuclear,2030,9,3,4,0.0
12819,SE_Nuclear,2030,9,5,6,0.0
12820,SE_Nuclear,2030,9,7,8,0.0
12821,SE_Nuclear,2030,9,9,10,0.0
12822,SE_Nuclear,2030,9,11,12,0.0
12823,SE_Nuclear,2030,9,13,14,0.0
12824,SE_Nuclear,2030,9,15,16,0.0
12825,SE_Nuclear,2030,9,17,18,0.0
12826,SE_Nuclear,2030,9,19,20,0.0
12827,SE_Nuclear,2030,9,21,22,0.0
12828,SE_Nuclear,2030,9,23,24,0.0
12829,SE_Nuclear,2030,10,1,2,0.0
12830,SE_Nuclear,2030,10,3,4,0.0
12831,SE_Nuclear,2030,10,5,6,0.0
12832,SE_Nuclear,2030,10,7,8,0.0
12833,SE_Nuclear,2030,10,9,10,0.0
12834,SE_Nuclear,2030,10,11,12,0.0
12835,SE_Nuclear,2030,10,13,14,0.0
12836,SE_Nuclear,2030,10,15,16,0.0
12837,SE_Nuclear,2030,10,17,18,0.0
12838,SE_Nuclear,2030,10,19,20,0.0
12839,SE_Nuclear,2030,10,21,22,0.0
12840,SE_Nuclear,2030,10,23,24,0.0
12841,SE_OCGT,2030,1,1,2,0.0
12842,SE_OCGT,2030,1,3,4,0.0
12843,SE_OCGT,2030,1,5,6,0.0
12844,SE_OCGT,2030,1,7,8,0.0
12845,SE_OCGT,2030,1,9,10,0.0
12846,SE_OCGT,2030,1,11,12,0.0
12847,SE_OCGT,2030,1,13,14,0.0
12848,SE_OCGT,2030,1,15,16,0.0
12849,SE_OCGT,2030,1,17,18,0.0
12850,SE_OCGT,2030,1,19,20,0.0
12851,SE_OCGT,2030,1,21,22,0.0
12852,SE_OCGT,2030,1,23,24,0.0
12853,SE_OCGT,2030,2,1,2,0.0
12854,SE_OCGT,2030,2,3,4,0.0
12855,SE_OCGT,2030,2,5,6,0.0
12856,SE_OCGT,2030,2,7,8,0.0
12857,SE_OCGT,2030,2,9,10,0.0
12858,SE_OCGT,2030,2,11,12,0.0
12859,SE_OCGT,2030,2,13,14,0.0
12860,SE_OCGT,2030,2,15,16,0.0
12861,SE_OCGT,2030,2,17,18,0.0
12862,SE_OCGT,2030,2,19,20,0.0
12863,SE_OCGT,2030,2,21,22,0.0
12864,SE_OCGT,2030,2,23,24,0.0
12865,SE_OCGT,2030,3,1,2,0.0
12866,SE_OCGT,2030,3,3,4,0.0
12867,SE_OCGT,2030,3,5,6,0.0
12868,SE_OCGT,2030,3,7,8,0.0
12869,SE_OCGT,2030,3,9,10,0.0
12870,SE_OCGT,2030,3,11,12,0.0
12871,SE_OCGT,2030,3,13,14,0.0
12872,SE_OCGT,2030,3,15,16,0.0
12873,SE_OCGT,2030,3,17,18,0.0
12874,SE_OCGT,2030,3,19,20,0.0
12875,SE_OCGT,2030,3,21,22,0.0
12876,SE_OCGT,2030,3,23,24,0.0
12877,SE_OCGT,2030,4,1,2,0.0
12878,SE_OCGT,2030,4,3,4,0.0
12879,SE_OCGT,2030,4,5,6,0.0
12880,SE_OCGT,2030,4,7,8,0.0
12881,SE_OCGT,2030,4,9,10,0.0
12882,SE_OCGT,2030,4,11,12,0.0
12883,SE_OCGT,2030,4,13,14,0.0
12884,SE_OCGT,2030,4,15,16,0.0
12885,SE_OCGT,2030,4,17,18,0.0
12886,SE_OCGT,2030,4,19,20,0.0
12887,SE_OCGT,2030,4,21,22,0.0
12888,SE_OCGT,2030,4,23,24,0.0
12889,SE_OCGT,2030,5,1,2,0.0
12890,SE_OCGT,2030,5,3,4,0.0
12891,SE_OCGT,2030,5,5,6,0.0
12892,SE_OCGT,2030,5,7,8,0.0
12893,SE_OCGT,2030,5,9,10,0.0
12894,SE_OCGT,2030,5,11,12,0.0
12895,SE_OCGT,2030,5,13,14,0.0
12896,SE_OCGT,2030,5,15,16,0.0
12897,SE_OCGT,2030,5,17,18,0.0
12898,SE_OCGT,2030,5,19,20,0.0
12899,SE_OCGT,2030,5,21,22,0.0
12900,SE_OCGT,2030,5,23,24,0.0
12901,SE_OCGT,2030,6,1,2,0.0
12902,SE_OCGT,2030,6,3,4,0.0
12903,SE_OCGT,2030,6,5,6,0.0
12904,SE_OCGT,2030,6,7,8,0.0
12905,SE_OCGT,2030,6,9,10,0.0
12906,SE_OCGT,2030,6,11,12,0.0
12907,SE_OCGT,2030,6,13,14,0.0
12908,SE_OCGT,2030,6,15,16,0.0
12909,SE_OCGT,2030,6,17,18,0.0
12910,SE_OCGT,2030,6,19,20,0.0
12911,SE_OCGT,2030,6,21,22,0.0
12912,SE_OCGT,2030,6,23,24,0.0
12913,SE_OCGT,2030,7,1,2,0.0
12914,SE_OCGT,2030,7,3,4,0.0
12915,SE_OCGT,2030,7,5,6,0.0
12916,SE_OCGT,2030,7,7,8,0.0
12917,SE_OCGT,2030,7,9,10,0.0
12918,SE_OCGT,2030,7,11,12,0.0
12919,SE_OCGT,2030,7,13,14,0.0
12920,SE_OCGT,2030,7,15,16,0.0
12921,SE_OCGT,2030,7,17,18,0.0
12922,SE_OCGT,2030,7,19,20,0.0
12923,SE_OCGT,2030,7,21,22,0.0
12924,SE_OCGT,2030,7,23,24,0.0
12925,SE_OCGT,2030,8,1,2,0.0
12926,SE_OCGT,2030,8,3,4,0.0
12927,SE_OCGT,2030,8,5,6,0.0
12928,SE_OCGT,2030,8,7,8,0.0
12929,SE_OCGT,2030,8,9,10,0.0
12930,SE_OCGT,2030,8,11,12,0.0
12931,SE_OCGT,2030,8,13,14,0.0
12932,SE_OCGT,2030,8,15,16,0.0
12933,SE_OCGT,2030,8,17,18,0.0
12934,SE_OCGT,2030,8,19,20,0.0
12935,SE_OCGT,2030,8,21,22,0.0
12936,SE_OCGT,2030,8,23,24,0.0
12937,SE_OCGT,2030,9,1,2,0.0
12938,SE_OCGT,2030,9,3,4,0.0
12939,SE_OCGT,2030,9,5,6,0.0
12940,SE_OCGT,2030,9,7,8,0.0
12941,SE_OCGT,2030,9,9,10,0.0
12942,SE_OCGT,2030,9,11,12,0.0
12943,SE_OCGT,2030,9,13,14,0.0
12944,SE_OCGT,2030,9,15,16,0.0
12945,SE_OCGT,2030,9,17,18,0.0
12946,SE_OCGT,2030,9,19,20,0.0
12947,SE_OCGT,2030,9,21,22,0.0
12948,SE_OCGT,2030,9,23,24,0.0
12949,SE_OCGT,2030,10,1,2,0.0
12950,SE_OCGT,2030,10,3,4,0.0
12951,SE_OCGT,2030,10,5,6,0.0
12952,SE_OCGT,2030,10,7,8,0.0
12953,SE_OCGT,2030,10,9,10,0.0
12954,SE_OCGT,2030,10,11,12,0.0
12955,SE_OCGT,2030,10,13,14,0.0
12956,SE_OCGT,2030,10,15,16,0.0
12957,SE_OCGT,2030,10,17,18,0.0
12958,SE_OCGT,2030,10,19,20,0.0
12959,SE_OCGT,2030,10,21,22,0.0
12960,SE_OCGT,2030,10,23,24,0.0
12961,SI_Coal,2030,1,1,2,0.0
12962,SI_Coal,2030,1,3,4,0.0
12963,SI_Coal,2030,1,5,6,0.0
12964,SI_Coal,2030,1,7,8,0.0
12965,SI_Coal,2030,1,9,10,0.0
12966,SI_Coal,2030,1,11,12,0.0
12967,SI_Coal,2030,1,13,14,0.0
12968,SI_Coal,2030,1,15,16,0.0
12969,SI_Coal,2030,1,17,18,0.0
12970,SI_Coal,2030,1,19,20,0.0
12971,SI_Coal,2030,1,21,22,0.0
12972,SI_Coal,2030,1,23,24,0.0
12973,SI_Coal,2030,2,1,2,0.0
12974,SI_Coal,2030,2,3,4,0.0
12975,SI_Coal,2030,2,5,6,0.0
12976,SI_Coal,2030,2,7,8,0.0
12977,SI_Coal,2030,2,9,10,0.0
12978,SI_Coal,2030,2,11,12,0.0
12979,SI_Coal,2030,2,13,14,0.0
12980,SI_Coal,2030,2,15,16,0.0
12981,SI_Coal,2030,2,17,18,0.0
12982,SI_Coal,2030,2,19,20,0.0
12983,SI_Coal,2030,2,21,22,0.0
12984,SI_Coal,2030,2,23,24,0.0
12985,SI_Coal,2030,3,1,2,0.0
12986,SI_Coal,2030,3,3,4,0.0
12987,SI_Coal,2030,3,5,6,0.0
12988,SI_Coal,2030,3,7,8,0.0
12989,SI_Coal,2030,3,9,10,0.0
12990,SI_Coal,2030,3,11,12,0.0
12991,SI_Coal,2030,3,13,14,0.0
12992,SI_Coal,2030,3,15,16,0.0
12993,SI_Coal,2030,3,17,18,0.0
12994,SI_Coal,2030,3,19,20,0.0
12995,SI_Coal,2030,3,21,22,0.0
12996,SI_Coal,2030,3,23,24,0.0
12997,SI_Coal,2030,4,1,2,0.0
12998,SI_Coal,2030,4,3,4,0.0
12999,SI_Coal,2030,4,5,6,0.0
13000,SI_Coal,2030,4,7,8,0.0
13001,SI_Coal,2030,4,9,10,0.0
13002,SI_Coal,2030,4,11,12,0.0
13003,SI_Coal,2030,4,13,14,0.0
13004,SI_Coal,2030,4,15,16,0.0
13005,SI_Coal,2030,4,17,18,0.0
13006,SI_Coal,2030,4,19,20,0.0
13007,SI_Coal,2030,4,21,22,0.0
13008,SI_Coal,2030,4,23,24,0.0
13009,SI_Coal,2030,5,1,2,0.0
13010,SI_Coal,2030,5,3,4,0.0
13011,SI_Coal,2030,5,5,6,0.0
13012,SI_Coal,2030,5,7,8,0.0
13013,SI_Coal,2030,5,9,10,0.0
13014,SI_Coal,2030,5,11,12,0.0
13015,SI_Coal,2030,5,13,14,0.0
13016,SI_Coal,2030,5,15,16,0.0
13017,SI_Coal,2030,5,17,18,0.0
13018,SI_Coal,2030,5,19,20,0.0
13019,SI_Coal,2030,5,21,22,0.0
13020,SI_Coal,2030,5,23,24,0.0
13021,SI_Coal,2030,6,1,2,0.0
13022,SI_Coal,2030,6,3,4,0.0
13023,SI_Coal,2030,6,5,6,0.0
13024,SI_Coal,2030,6,7,8,0.0
13025,SI_Coal,2030,6,9,10,0.0
13026,SI_Coal,2030,6,11,12,0.0
13027,SI_Coal,2030,6,13,14,0.0
13028,SI_Coal,2030,6,15,16,0.0
13029,SI_Coal,2030,6,17,18,0.0
13030,SI_Coal,2030,6,19,20,0.0
13031,SI_Coal,2030,6,21,22,0.0
13032,SI_Coal,2030,6,23,24,0.0
13033,SI_Coal,2030,7,1,2,0.0
13034,SI_Coal,2030,7,3,4,0.0
13035,SI_Coal,2030,7,5,6,0.0
13036,SI_Coal,2030,7,7,8,0.0
13037,SI_Coal,2030,7,9,10,0.0
13038,SI_Coal,2030,7,11,12,0.0
13039,SI_Coal,2030,7,13,14,0.0
13040,SI_Coal,2030,7,15,16,0.0
13041,SI_Coal,2030,7,17,18,0.0
13042,SI_Coal,2030,7,19,20,0.0
13043,SI_Coal,2030,7,21,22,0.0
13044,SI_Coal,2030,7,23,24,0.0
13045,SI_Coal,2030,8,1,2,0.0
13046,SI_Coal,2030,8,3,4,0.0
13047,SI_Coal,2030,8,5,6,0.0
13048,SI_Coal,2030,8,7,8,0.0
13049,SI_Coal,2030,8,9,10,0.0
13050,SI_Coal,2030,8,11,12,0.0
13051,SI_Coal,2030,8,13,14,0.0
13052,SI_Coal,2030,8,15,16,0.0
13053,SI_Coal,2030,8,17,18,0.0
13054,SI_Coal,2030,8,19,20,0.0
13055,SI_Coal,2030,8,21,22,0.0
13056,SI_Coal,2030,8,23,24,0.0
13057,SI_Coal,2030,9,1,2,0.0
13058,SI_Coal,2030,9,3,4,0.0
13059,SI_Coal,2030,9,5,6,0.0
13060,SI_Coal,2030,9,7,8,0.0
13061,SI_Coal,2030,9,9,10,0.0
13062,SI_Coal,2030,9,11,12,0.0
13063,SI_Coal,2030,9,13,14,0.0
13064,SI_Coal,2030,9,15,16,0.0
13065,SI_Coal,2030,9,17,18,0.0
13066,SI_Coal,2030,9,19,20,0.0
13067,SI_Coal,2030,9,21,22,0.0
13068,SI_Coal,2030,9,23,24,0.0
13069,SI_Coal,2030,10,1,2,0.0
13070,SI_Coal,2030,10,3,4,0.0
13071,SI_Coal,2030,10,5,6,0.0
13072,SI_Coal,2030,10,7,8,0.0
13073,SI_Coal,2030,10,9,10,0.0
13074,SI_Coal,2030,10,11,12,0.0
13075,SI_Coal,2030,10,13,14,0.0
13076,SI_Coal,2030,10,15,16,0.0
13077,SI_Coal,2030,10,17,18,0.0
13078,SI_Coal,2030,10,19,20,0.0
13079,SI_Coal,2030,10,21,22,0.0
13080,SI_Coal,2030,10,23,24,0.0
13081,SI_Nuclear,2030,1,1,2,0.0
13082,SI_Nuclear,2030,1,3,4,0.0
13083,SI_Nuclear,2030,1,5,6,0.0
13084,SI_Nuclear,2030,1,7,8,0.0
13085,SI_Nuclear,2030,1,9,10,0.0
13086,SI_Nuclear,2030,1,11,12,0.0
13087,SI_Nuclear,2030,1,13,14,0.0
13088,SI_Nuclear,2030,1,15,16,0.0
13089,SI_Nuclear,2030,1,17,18,0.0
13090,SI_Nuclear,2030,1,19,20,0.0
13091,SI_Nuclear,2030,1,21,22,0.0
13092,SI_Nuclear,2030,1,23,24,0.0
13093,SI_Nuclear,2030,2,1,2,0.0
13094,SI_Nuclear,2030,2,3,4,0.0
13095,SI_Nuclear,2030,2,5,6,0.0
13096,SI_Nuclear,2030,2,7,8,0.0
13097,SI_Nuclear,2030,2,9,10,0.0
13098,SI_Nuclear,2030,2,11,12,0.0
13099,SI_Nuclear,2030,2,13,14,0.0
13100,SI_Nuclear,2030,2,15,16,0.0
13101,SI_Nuclear,2030,2,17,18,0.0
13102,SI_Nuclear,2030,2,19,20,0.0
13103,SI_Nuclear,2030,2,21,22,0.0
13104,SI_Nuclear,2030,2,23,24,0.0
13105,SI_Nuclear,2030,3,1,2,0.0
13106,SI_Nuclear,2030,3,3,4,0.0
13107,SI_Nuclear,2030,3,5,6,0.0
13108,SI_Nuclear,2030,3,7,8,0.0
13109,SI_Nuclear,2030,3,9,10,0.0
13110,SI_Nuclear,2030,3,11,12,0.0
13111,SI_Nuclear,2030,3,13,14,0.0
13112,SI_Nuclear,2030,3,15,16,0.0
13113,SI_Nuclear,2030,3,17,18,0.0
13114,SI_Nuclear,2030,3,19,20,0.0
13115,SI_Nuclear,2030,3,21,22,0.0
13116,SI_Nuclear,2030,3,23,24,0.0
13117,SI_Nuclear,2030,4,1,2,0.0
13118,SI_Nuclear,2030,4,3,4,0.0
13119,SI_Nuclear,2030,4,5,6,0.0
13120,SI_Nuclear,2030,4,7,8,0.0
13121,SI_Nuclear,2030,4,9,10,0.0
13122,SI_Nuclear,2030,4,11,12,0.0
13123,SI_Nuclear,2030,4,13,14,0.0
13124,SI_Nuclear,2030,4,15,16,0.0
13125,SI_Nuclear,2030,4,17,18,0.0
13126,SI_Nuclear,2030,4,19,20,0.0
13127,SI_Nuclear,2030,4,21,22,0.0
13128,SI_Nuclear,2030,4,23,24,0.0
13129,SI_Nuclear,2030,5,1,2,0.0
13130,SI_Nuclear,2030,5,3,4,0.0
13131,SI_Nuclear,2030,5,5,6,0.0
13132,SI_Nuclear,2030,5,7,8,0.0
13133,SI_Nuclear,2030,5,9,10,0.0
13134,SI_Nuclear,2030,5,11,12,0.0
13135,SI_Nuclear,2030,5,13,14,0.0
13136,SI_Nuclear,2030,5,15,16,0.0
13137,SI_Nuclear,2030,5,17,18,0.0
13138,SI_Nuclear,2030,5,19,20,0.0
13139,SI_Nuclear,2030,5,21,22,0.0
13140,SI_Nuclear,2030,5,23,24,0.0
13141,SI_Nuclear,2030,6,1,2,0.0
13142,SI_Nuclear,2030,6,3,4,0.0
13143,SI_Nuclear,2030,6,5,6,0.0
13144,SI_Nuclear,2030,6,7,8,0.0
13145,SI_Nuclear,2030,6,9,10,0.0
13146,SI_Nuclear,2030,6,11,12,0.0
13147,SI_Nuclear,2030,6,13,14,0.0
13148,SI_Nuclear,2030,6,15,16,0.0
13149,SI_Nuclear,2030,6,17,18,0.0
13150,SI_Nuclear,2030,6,19,20,0.0
13151,SI_Nuclear,2030,6,21,22,0.0
13152,SI_Nuclear,2030,6,23,24,0.0
13153,SI_Nuclear,2030,7,1,2,0.0
13154,SI_Nuclear,2030,7,3,4,0.0
13155,SI_Nuclear,2030,7,5,6,0.0
13156,SI_Nuclear,2030,7,7,8,0.0
13157,SI_Nuclear,2030,7,9,10,0.0
13158,SI_Nuclear,2030,7,11,12,0.0
13159,SI_Nuclear,2030,7,13,14,0.0
13160,SI_Nuclear,2030,7,15,16,0.0
13161,SI_Nuclear,2030,7,17,18,0.0
13162,SI_Nuclear,2030,7,19,20,0.0
13163,SI_Nuclear,2030,7,21,22,0.0
13164,SI_Nuclear,2030,7,23,24,0.0
13165,SI_Nuclear,2030,8,1,2,0.0
13166,SI_Nuclear,2030,8,3,4,0.0
13167,SI_Nuclear,2030,8,5,6,0.0
13168,SI_Nuclear,2030,8,7,8,0.0
13169,SI_Nuclear,2030,8,9,10,0.0
13170,SI_Nuclear,2030,8,11,12,0.0
13171,SI_Nuclear,2030,8,13,14,0.0
13172,SI_Nuclear,2030,8,15,16,0.0
13173,SI_Nuclear,2030,8,17,18,0.0
13174,SI_Nuclear,2030,8,19,20,0.0
13175,SI_Nuclear,2030,8,21,22,0.0
13176,SI_Nuclear,2030,8,23,24,0.0
13177,SI_Nuclear,2030,9,1,2,0.0
13178,SI_Nuclear,2030,9,3,4,0.0
13179,SI_Nuclear,2030,9,5,6,0.0
13180,SI_Nuclear,2030,9,7,8,0.0
13181,SI_Nuclear,2030,9,9,10,0.0
13182,SI_Nuclear,2030,9,11,12,0.0
13183,SI_Nuclear,2030,9,13,14,0.0
13184,SI_Nuclear,2030,9,15,16,0.0
13185,SI_Nuclear,2030,9,17,18,0.0
13186,SI_Nuclear,2030,9,19,20,0.0
13187,SI_Nuclear,2030,9,21,22,0.0
13188,SI_Nuclear,2030,9,23,24,0.0
13189,SI_Nuclear,2030,10,1,2,0.0
13190,SI_Nuclear,2030,10,3,4,0.0
13191,SI_Nuclear,2030,10,5,6,0.0
13192,SI_Nuclear,2030,10,7,8,0.0
13193,SI_Nuclear,2030,10,9,10,0.0
13194,SI_Nuclear,2030,10,11,12,0.0
13195,SI_Nuclear,2030,10,13,14,0.0
13196,SI_Nuclear,2030,10,15,16,0.0
13197,SI_Nuclear,2030,10,17,18,0.0
13198,SI_Nuclear,2030,10,19,20,0.0
13199,SI_Nuclear,2030,10,21,22,0.0
13200,SI_Nuclear,2030,10,23,24,0.0
13201,SI_OCGT,2030,1,1,2,0.0
13202,SI_OCGT,2030,1,3,4,0.0
13203,SI_OCGT,2030,1,5,6,0.0
13204,SI_OCGT,2030,1,7,8,0.0
13205,SI_OCGT,2030,1,9,10,0.0
13206,SI_OCGT,2030,1,11,12,0.0
13207,SI_OCGT,2030,1,13,14,0.0
13208,SI_OCGT,2030,1,15,16,0.0
13209,SI_OCGT,2030,1,17,18,0.0
13210,SI_OCGT,2030,1,19,20,0.0
13211,SI_OCGT,2030,1,21,22,0.0
13212,SI_OCGT,2030,1,23,24,0.0
13213,SI_OCGT,2030,2,1,2,0.0
13214,SI_OCGT,2030,2,3,4,0.0
13215,SI_OCGT,2030,2,5,6,0.0
13216,SI_OCGT,2030,2,7,8,0.0
13217,SI_OCGT,2030,2,9,10,0.0
13218,SI_OCGT,2030,2,11,12,0.0
13219,SI_OCGT,2030,2,13,14,0.0
13220,SI_OCGT,2030,2,15,16,0.0
13221,SI_OCGT,2030,2,17,18,0.0
13222,SI_OCGT,2030,2,19,20,0.0
13223,SI_OCGT,2030,2,21,22,0.0
13224,SI_OCGT,2030,2,23,24,0.0
13225,SI_OCGT,2030,3,1,2,0.0
13226,SI_OCGT,2030,3,3,4,0.0
13227,SI_OCGT,2030,3,5,6,0.0
13228,SI_OCGT,2030,3,7,8,0.0
13229,SI_OCGT,2030,3,9,10,0.0
13230,SI_OCGT,2030,3,11,12,0.0
13231,SI_OCGT,2030,3,13,14,0.0
13232,SI_OCGT,2030,3,15,16,0.0
13233,SI_OCGT,2030,3,17,18,0.0
13234,SI_OCGT,2030,3,19,20,0.0
13235,SI_OCGT,2030,3,21,22,0.0
13236,SI_OCGT,2030,3,23,24,0.0
13237,SI_OCGT,2030,4,1,2,0.0
13238,SI_OCGT,2030,4,3,4,0.0
13239,SI_OCGT,2030,4,5,6,0.0
13240,SI_OCGT,2030,4,7,8,0.0
13241,SI_OCGT,2030,4,9,10,0.0
13242,SI_OCGT,2030,4,11,12,0.0
13243,SI_OCGT,2030,4,13,14,0.0
13244,SI_OCGT,2030,4,15,16,0.0
13245,SI_OCGT,2030,4,17,18,0.0
13246,SI_OCGT,2030,4,19,20,0.0
13247,SI_OCGT,2030,4,21,22,0.0
13248,SI_OCGT,2030,4,23,24,0.0
13249,SI_OCGT,2030,5,1,2,0.0
13250,SI_OCGT,2030,5,3,4,0.0
13251,SI_OCGT,2030,5,5,6,0.0
13252,SI_OCGT,2030,5,7,8,0.0
13253,SI_OCGT,2030,5,9,10,0.0
13254,SI_OCGT,2030,5,11,12,0.0
13255,SI_OCGT,2030,5,13,14,0.0
13256,SI_OCGT,2030,5,15,16,0.0
13257,SI_OCGT,2030,5,17,18,0.0
13258,SI_OCGT,2030,5,19,20,0.0
13259,SI_OCGT,2030,5,21,22,0.0
13260,SI_OCGT,2030,5,23,24,0.0
13261,SI_OCGT,2030,6,1,2,0.0
13262,SI_OCGT,2030,6,3,4,0.0
13263,SI_OCGT,2030,6,5,6,0.0
13264,SI_OCGT,2030,6,7,8,0.0
13265,SI_OCGT,2030,6,9,10,0.0
13266,SI_OCGT,2030,6,11,12,0.0
13267,SI_OCGT,2030,6,13,14,0.0
13268,SI_OCGT,2030,6,15,16,0.0
13269,SI_OCGT,2030,6,17,18,0.0
13270,SI_OCGT,2030,6,19,20,0.0
13271,SI_OCGT,2030,6,21,22,0.0
13272,SI_OCGT,2030,6,23,24,0.0
13273,SI_OCGT,2030,7,1,2,0.0
13274,SI_OCGT,2030,7,3,4,0.0
13275,SI_OCGT,2030,7,5,6,0.0
13276,SI_OCGT,2030,7,7,8,0.0
13277,SI_OCGT,2030,7,9,10,0.0
13278,SI_OCGT,2030,7,11,12,0.0
13279,SI_OCGT,2030,7,13,14,0.0
13280,SI_OCGT,2030,7,15,16,0.0
13281,SI_OCGT,2030,7,17,18,0.0
13282,SI_OCGT,2030,7,19,20,0.0
13283,SI_OCGT,2030,7,21,22,0.0
13284,SI_OCGT,2030,7,23,24,0.0
13285,SI_OCGT,2030,8,1,2,0.0
13286,SI_OCGT,2030,8,3,4,0.0
13287,SI_OCGT,2030,8,5,6,0.0
13288,SI_OCGT,2030,8,7,8,0.0
13289,SI_OCGT,2030,8,9,10,0.0
13290,SI_OCGT,2030,8,11,12,0.0
13291,SI_OCGT,2030,8,13,14,0.0
13292,SI_OCGT,2030,8,15,16,0.0
13293,SI_OCGT,2030,8,17,18,0.0
13294,SI_OCGT,2030,8,19,20,0.0
13295,SI_OCGT,2030,8,21,22,0.0
13296,SI_OCGT,2030,8,23,24,0.0
13297,SI_OCGT,2030,9,1,2,0.0
13298,SI_OCGT,2030,9,3,4,0.0
13299,SI_OCGT,2030,9,5,6,0.0
13300,SI_OCGT,2030,9,7,8,0.0
13301,SI_OCGT,2030,9,9,10,0.0
13302,SI_OCGT,2030,9,11,12,0.0
13303,SI_OCGT,2030,9,13,14,0.0
13304,SI_OCGT,2030,9,15,16,0.0
13305,SI_OCGT,2030,9,17,18,0.0
13306,SI_OCGT,2030,9,19,20,0.0
13307,SI_OCGT,2030,9,21,22,0.0
13308,SI_OCGT,2030,9,23,24,0.0
13309,SI_OCGT,2030,10,1,2,0.0
13310,SI_OCGT,2030,10,3,4,0.0
13311,SI_OCGT,2030,10,5,6,0.0
13312,SI_OCGT,2030,10,7,8,0.0
13313,SI_OCGT,2030,10,9,10,0.0
13314,SI_OCGT,2030,10,11,12,0.0
13315,SI_OCGT,2030,10,13,14,0.0
13316,SI_OCGT,2030,10,15,16,0.0
13317,SI_OCGT,2030,10,17,18,0.0
13318,SI_OCGT,2030,10,19,20,0.0
13319,SI_OCGT,2030,10,21,22,0.0
13320,SI_OCGT,2030,10,23,24,0.0
13321,SK_CCGT,2030,1,1,2,0.0
13322,SK_CCGT,2030,1,3,4,0.0
13323,SK_CCGT,2030,1,5,6,0.0
13324,SK_CCGT,2030,1,7,8,0.0
13325,SK_CCGT,2030,1,9,10,0.0
13326,SK_CCGT,2030,1,11,12,0.0
13327,SK_CCGT,2030,1,13,14,0.0
13328,SK_CCGT,2030,1,15,16,0.0
13329,SK_CCGT,2030,1,17,18,0.0
13330,SK_CCGT,2030,1,19,20,0.0
13331,SK_CCGT,2030,1,21,22,0.0
13332,SK_CCGT,2030,1,23,24,0.0
13333,SK_CCGT,2030,2,1,2,0.0
13334,SK_CCGT,2030,2,3,4,0.0
13335,SK_CCGT,2030,2,5,6,0.0
13336,SK_CCGT,2030,2,7,8,0.0
13337,SK_CCGT,2030,2,9,10,0.0
13338,SK_CCGT,2030,2,11,12,0.0
13339,SK_CCGT,2030,2,13,14,0.0
13340,SK_CCGT,2030,2,15,16,0.0
13341,SK_CCGT,2030,2,17,18,0.0
13342,SK_CCGT,2030,2,19,20,0.0
13343,SK_CCGT,2030,2,21,22,0.0
13344,SK_CCGT,2030,2,23,24,0.0
13345,SK_CCGT,2030,3,1,2,0.0
13346,SK_CCGT,2030,3,3,4,0.0
13347,SK_CCGT,2030,3,5,6,0.0
13348,SK_CCGT,2030,3,7,8,0.0
13349,SK_CCGT,2030,3,9,10,0.0
13350,SK_CCGT,2030,3,11,12,0.0
13351,SK_CCGT,2030,3,13,14,0.0
13352,SK_CCGT,2030,3,15,16,0.0
13353,SK_CCGT,2030,3,17,18,0.0
13354,SK_CCGT,2030,3,19,20,0.0
13355,SK_CCGT,2030,3,21,22,0.0
13356,SK_CCGT,2030,3,23,24,0.0
13357,SK_CCGT,2030,4,1,2,0.0
13358,SK_CCGT,2030,4,3,4,0.0
13359,SK_CCGT,2030,4,5,6,0.0
13360,SK_CCGT,2030,4,7,8,0.0
13361,SK_CCGT,2030,4,9,10,0.0
13362,SK_CCGT,2030,4,11,12,0.0
13363,SK_CCGT,2030,4,13,14,0.0
13364,SK_CCGT,2030,4,15,16,0.0
13365,SK_CCGT,2030,4,17,18,0.0
13366,SK_CCGT,2030,4,19,20,0.0
13367,SK_CCGT,2030,4,21,22,0.0
13368,SK_CCGT,2030,4,23,24,0.0
13369,SK_CCGT,2030,5,1,2,0.0
13370,SK_CCGT,2030,5,3,4,0.0
13371,SK_CCGT,2030,5,5,6,0.0
13372,SK_CCGT,2030,5,7,8,0.0
13373,SK_CCGT,2030,5,9,10,0.0
13374,SK_CCGT,2030,5,11,12,0.0
13375,SK_CCGT,2030,5,13,14,0.0
13376,SK_CCGT,2030,5,15,16,0.0
13377,SK_CCGT,2030,5,17,18,0.0
13378,SK_CCGT,2030,5,19,20,0.0
13379,SK_CCGT,2030,5,21,22,0.0
13380,SK_CCGT,2030,5,23,24,0.0
13381,SK_CCGT,2030,6,1,2,0.0
13382,SK_CCGT,2030,6,3,4,0.0
13383,SK_CCGT,2030,6,5,6,0.0
13384,SK_CCGT,2030,6,7,8,0.0
13385,SK_CCGT,2030,6,9,10,0.0
13386,SK_CCGT,2030,6,11,12,0.0
13387,SK_CCGT,2030,6,13,14,0.0
13388,SK_CCGT,2030,6,15,16,0.0
13389,SK_CCGT,2030,6,17,18,0.0
13390,SK_CCGT,2030,6,19,20,0.0
13391,SK_CCGT,2030,6,21,22,0.0
13392,SK_CCGT,2030,6,23,24,0.0
13393,SK_CCGT,2030,7,1,2,0.0
13394,SK_CCGT,2030,7,3,4,0.0
13395,SK_CCGT,2030,7,5,6,0.0
13396,SK_CCGT,2030,7,7,8,0.0
13397,SK_CCGT,2030,7,9,10,0.0
13398,SK_CCGT,2030,7,11,12,0.0
13399,SK_CCGT,2030,7,13,14,0.0
13400,SK_CCGT,2030,7,15,16,0.0
13401,SK_CCGT,2030,7,17,18,0.0
13402,SK_CCGT,2030,7,19,20,0.0
13403,SK_CCGT,2030,7,21,22,0.0
13404,SK_CCGT,2030,7,23,24,0.0
13405,SK_CCGT,2030,8,1,2,0.0
13406,SK_CCGT,2030,8,3,4,0.0
13407,SK_CCGT,2030,8,5,6,0.0
13408,SK_CCGT,2030,8,7,8,0.0
13409,SK_CCGT,2030,8,9,10,0.0
13410,SK_CCGT,2030,8,11,12,0.0
13411,SK_CCGT,2030,8,13,14,0.0
13412,SK_CCGT,2030,8,15,16,0.0
13413,SK_CCGT,2030,8,17,18,0.0
13414,SK_CCGT,2030,8,19,20,0.0
13415,SK_CCGT,2030,8,21,22,0.0
13416,SK_CCGT,2030,8,23,24,0.0
13417,SK_CCGT,2030,9,1,2,0.0
13418,SK_CCGT,2030,9,3,4,0.0
13419,SK_CCGT,2030,9,5,6,0.0
13420,SK_CCGT,2030,9,7,8,0.0
13421,SK_CCGT,2030,9,9,10,0.0
13422,SK_CCGT,2030,9,11,12,0.0
13423,SK_CCGT,2030,9,13,14,0.0
13424,SK_CCGT,2030,9,15,16,0.0
13425,SK_CCGT,2030,9,17,18,0.0
13426,SK_CCGT,2030,9,19,20,0.0
13427,SK_CCGT,2030,9,21,22,0.0
13428,SK_CCGT,2030,9,23,24,0.0
13429,SK_CCGT,2030,10,1,2,0.0
13430,SK_CCGT,2030,10,3,4,0.0
13431,SK_CCGT,2030,10,5,6,0.0
13432,SK_CCGT,2030,10,7,8,0.0
13433,SK_CCGT,2030,10,9,10,0.0
13434,SK_CCGT,2030,10,11,12,0.0
13435,SK_CCGT,2030,10,13,14,0.0
13436,SK_CCGT,2030,10,15,16,0.0
13437,SK_CCGT,2030,10,17,18,0.0
13438,SK_CCGT,2030,10,19,20,0.0
13439,SK_CCGT,2030,10,21,22,0.0
13440,SK_CCGT,2030,10,23,24,0.0
13441,SK_Coal,2030,1,1,2,0.0
13442,SK_Coal,2030,1,3,4,0.0
13443,SK_Coal,2030,1,5,6,0.0
13444,SK_Coal,2030,1,7,8,0.0
13445,SK_Coal,2030,1,9,10,0.0
13446,SK_Coal,2030,1,11,12,0.0
13447,SK_Coal,2030,1,13,14,0.0
13448,SK_Coal,2030,1,15,16,0.0
13449,SK_Coal,2030,1,17,18,0.0
13450,SK_Coal,2030,1,19,20,0.0
13451,SK_Coal,2030,1,21,22,0.0
13452,SK_Coal,2030,1,23,24,0.0
13453,SK_Coal,2030,2,1,2,0.0
13454,SK_Coal,2030,2,3,4,0.0
13455,SK_Coal,2030,2,5,6,0.0
13456,SK_Coal,2030,2,7,8,0.0
13457,SK_Coal,2030,2,9,10,0.0
13458,SK_Coal,2030,2,11,12,0.0
13459,SK_Coal,2030,2,13,14,0.0
13460,SK_Coal,2030,2,15,16,0.0
13461,SK_Coal,2030,2,17,18,0.0
13462,SK_Coal,2030,2,19,20,0.0
13463,SK_Coal,2030,2,21,22,0.0
13464,SK_Coal,2030,2,23,24,0.0
13465,SK_Coal,2030,3,1,2,0.0
13466,SK_Coal,2030,3,3,4,0.0
13467,SK_Coal,2030,3,5,6,0.0
13468,SK_Coal,2030,3,7,8,0.0
13469,SK_Coal,2030,3,9,10,0.0
13470,SK_Coal,2030,3,11,12,0.0
13471,SK_Coal,2030,3,13,14,0.0
13472,SK_Coal,2030,3,15,16,0.0
13473,SK_Coal,2030,3,17,18,0.0
13474,SK_Coal,2030,3,19,20,0.0
13475,SK_Coal,2030,3,21,22,0.0
13476,SK_Coal,2030,3,23,24,0.0
13477,SK_Coal,2030,4,1,2,0.0
13478,SK_Coal,2030,4,3,4,0.0
13479,SK_Coal,2030,4,5,6,0.0
13480,SK_Coal,2030,4,7,8,0.0
13481,SK_Coal,2030,4,9,10,0.0
13482,SK_Coal,2030,4,11,12,0.0
13483,SK_Coal,2030,4,13,14,0.0
13484,SK_Coal,2030,4,15,16,0.0
13485,SK_Coal,2030,4,17,18,0.0
13486,SK_Coal,2030,4,19,20,0.0
13487,SK_Coal,2030,4,21,22,0.0
13488,SK_Coal,2030,4,23,24,0.0
13489,SK_Coal,2030,5,1,2,0.0
13490,SK_Coal,2030,5,3,4,0.0
13491,SK_Coal,2030,5,5,6,0.0
13492,SK_Coal,2030,5,7,8,0.0
13493,SK_Coal,2030,5,9,10,0.0
13494,SK_Coal,2030,5,11,12,0.0
13495,SK_Coal,2030,5,13,14,0.0
13496,SK_Coal,2030,5,15,16,0.0
13497,SK_Coal,2030,5,17,18,0.0
13498,SK_Coal,2030,5,19,20,0.0
13499,SK_Coal,2030,5,21,22,0.0
13500,SK_Coal,2030,5,23,24,0.0
13501,SK_Coal,2030,6,1,2,0.0
13502,SK_Coal,2030,6,3,4,0.0
13503,SK_Coal,2030,6,5,6,0.0
13504,SK_Coal,2030,6,7,8,0.0
13505,SK_Coal,2030,6,9,10,0.0
13506,SK_Coal,2030,6,11,12,0.0
13507,SK_Coal,2030,6,13,14,0.0
13508,SK_Coal,2030,6,15,16,0.0
13509,SK_Coal,2030,6,17,18,0.0
13510,SK_Coal,2030,6,19,20,0.0
13511,SK_Coal,2030,6,21,22,0.0
13512,SK_Coal,2030,6,23,24,0.0
13513,SK_Coal,2030,7,1,2,0.0
13514,SK_Coal,2030,7,3,4,0.0
13515,SK_Coal,2030,7,5,6,0.0
13516,SK_Coal,2030,7,7,8,0.0
13517,SK_Coal,2030,7,9,10,0.0
13518,SK_Coal,2030,7,11,12,0.0
13519,SK_Coal,2030,7,13,14,0.0
13520,SK_Coal,2030,7,15,16,0.0
13521,SK_Coal,2030,7,17,18,0.0
13522,SK_Coal,2030,7,19,20,0.0
13523,SK_Coal,2030,7,21,22,0.0
13524,SK_Coal,2030,7,23,24,0.0
13525,SK_Coal,2030,8,1,2,0.0
13526,SK_Coal,2030,8,3,4,0.0
13527,SK_Coal,2030,8,5,6,0.0
13528,SK_Coal,2030,8,7,8,0.0
13529,SK_Coal,2030,8,9,10,0.0
13530,SK_Coal,2030,8,11,12,0.0
13531,SK_Coal,2030,8,13,14,0.0
13532,SK_Coal,2030,8,15,16,0.0
13533,SK_Coal,2030,8,17,18,0.0
13534,SK_Coal,2030,8,19,20,0.0
13535,SK_Coal,2030,8,21,22,0.0
13536,SK_Coal,2030,8,23,24,0.0
13537,SK_Coal,2030,9,1,2,0.0
13538,SK_Coal,2030,9,3,4,0.0
13539,SK_Coal,2030,9,5,6,0.0
13540,SK_Coal,2030,9,7,8,0.0
13541,SK_Coal,2030,9,9,10,0.0
13542,SK_Coal,2030,9,11,12,0.0
13543,SK_Coal,2030,9,13,14,0.0
13544,SK_Coal,2030,9,15,16,0.0
13545,SK_Coal,2030,9,17,18,0.0
13546,SK_Coal,2030,9,19,20,0.0
13547,SK_Coal,2030,9,21,22,0.0
13548,SK_Coal,2030,9,23,24,0.0
13549,SK_Coal,2030,10,1,2,0.0
13550,SK_Coal,2030,10,3,4,0.0
13551,SK_Coal,2030,10,5,6,0.0
13552,SK_Coal,2030,10,7,8,0.0
13553,SK_Coal,2030,10,9,10,0.0
13554,SK_Coal,2030,10,11,12,0.0
13555,SK_Coal,2030,10,13,14,0.0
13556,SK_Coal,2030,10,15,16,0.0
13557,SK_Coal,2030,10,17,18,0.0
13558,SK_Coal,2030,10,19,20,0.0
13559,SK_Coal,2030,10,21,22,0.0
13560,SK_Coal,2030,10,23,24,0.0
13561,SI_CCGT,2030,1,1,2,0.0
13562,SI_CCGT,2030,1,3,4,0.0
13563,SI_CCGT,2030,1,5,6,0.0
13564,SI_CCGT,2030,1,7,8,0.0
13565,SI_CCGT,2030,1,9,10,0.0
13566,SI_CCGT,2030,1,11,12,0.0
13567,SI_CCGT,2030,1,13,14,0.0
13568,SI_CCGT,2030,1,15,16,0.0
13569,SI_CCGT,2030,1,17,18,0.0
13570,SI_CCGT,2030,1,19,20,0.0
13571,SI_CCGT,2030,1,21,22,0.0
13572,SI_CCGT,2030,1,23,24,0.0
13573,SI_CCGT,2030,2,1,2,0.0
13574,SI_CCGT,2030,2,3,4,0.0
13575,SI_CCGT,2030,2,5,6,0.0
13576,SI_CCGT,2030,2,7,8,0.0
13577,SI_CCGT,2030,2,9,10,0.0
13578,SI_CCGT,2030,2,11,12,0.0
13579,SI_CCGT,2030,2,13,14,0.0
13580,SI_CCGT,2030,2,15,16,0.0
13581,SI_CCGT,2030,2,17,18,0.0
13582,SI_CCGT,2030,2,19,20,0.0
13583,SI_CCGT,2030,2,21,22,0.0
13584,SI_CCGT,2030,2,23,24,0.0
13585,SI_CCGT,2030,3,1,2,0.0
13586,SI_CCGT,2030,3,3,4,0.0
13587,SI_CCGT,2030,3,5,6,0.0
13588,SI_CCGT,2030,3,7,8,0.0
13589,SI_CCGT,2030,3,9,10,0.0
13590,SI_CCGT,2030,3,11,12,0.0
13591,SI_CCGT,2030,3,13,14,0.0
13592,SI_CCGT,2030,3,15,16,0.0
13593,SI_CCGT,2030,3,17,18,0.0
13594,SI_CCGT,2030,3,19,20,0.0
13595,SI_CCGT,2030,3,21,22,0.0
13596,SI_CCGT,2030,3,23,24,0.0
13597,SI_CCGT,2030,4,1,2,0.0
13598,SI_CCGT,2030,4,3,4,0.0
13599,SI_CCGT,2030,4,5,6,0.0
13600,SI_CCGT,2030,4,7,8,0.0
13601,SI_CCGT,2030,4,9,10,0.0
13602,SI_CCGT,2030,4,11,12,0.0
13603,SI_CCGT,2030,4,13,14,0.0
13604,SI_CCGT,2030,4,15,16,0.0
13605,SI_CCGT,2030,4,17,18,0.0
13606,SI_CCGT,2030,4,19,20,0.0
13607,SI_CCGT,2030,4,21,22,0.0
13608,SI_CCGT,2030,4,23,24,0.0
13609,SI_CCGT,2030,5,1,2,0.0
13610,SI_CCGT,2030,5,3,4,0.0
13611,SI_CCGT,2030,5,5,6,0.0
13612,SI_CCGT,2030,5,7,8,0.0
13613,SI_CCGT,2030,5,9,10,0.0
13614,SI_CCGT,2030,5,11,12,0.0
13615,SI_CCGT,2030,5,13,14,0.0
13616,SI_CCGT,2030,5,15,16,0.0
13617,SI_CCGT,2030,5,17,18,0.0
13618,SI_CCGT,2030,5,19,20,0.0
13619,SI_CCGT,2030,5,21,22,0.0
13620,SI_CCGT,2030,5,23,24,0.0
13621,SI_CCGT,2030,6,1,2,0.0
13622,SI_CCGT,2030,6,3,4,0.0
13623,SI_CCGT,2030,6,5,6,0.0
13624,SI_CCGT,2030,6,7,8,0.0
13625,SI_CCGT,2030,6,9,10,0.0
13626,SI_CCGT,2030,6,11,12,0.0
13627,SI_CCGT,2030,6,13,14,0.0
13628,SI_CCGT,2030,6,15,16,0.0
13629,SI_CCGT,2030,6,17,18,0.0
13630,SI_CCGT,2030,6,19,20,0.0
13631,SI_CCGT,2030,6,21,22,0.0
13632,SI_CCGT,2030,6,23,24,0.0
13633,SI_CCGT,2030,7,1,2,0.0
13634,SI_CCGT,2030,7,3,4,0.0
13635,SI_CCGT,2030,7,5,6,0.0
13636,SI_CCGT,2030,7,7,8,0.0
13637,SI_CCGT,2030,7,9,10,0.0
13638,SI_CCGT,2030,7,11,12,0.0
13639,SI_CCGT,2030,7,13,14,0.0
13640,SI_CCGT,2030,7,15,16,0.0
13641,SI_CCGT,2030,7,17,18,0.0
13642,SI_CCGT,2030,7,19,20,0.0
13643,SI_CCGT,2030,7,21,22,0.0
13644,SI_CCGT,2030,7,23,24,0.0
13645,SI_CCGT,2030,8,1,2,0.0
13646,SI_CCGT,2030,8,3,4,0.0
13647,SI_CCGT,2030,8,5,6,0.0
13648,SI_CCGT,2030,8,7,8,0.0
13649,SI_CCGT,2030,8,9,10,0.0
13650,SI_CCGT,2030,8,11,12,0.0
13651,SI_CCGT,2030,8,13,14,0.0
13652,SI_CCGT,2030,8,15,16,0.0
13653,SI_CCGT,2030,8,17,18,0.0
13654,SI_CCGT,2030,8,19,20,0.0
13655,SI_CCGT,2030,8,21,22,0.0
13656,SI_CCGT,2030,8,23,24,0.0
13657,SI_CCGT,2030,9,1,2,0.0
13658,SI_CCGT,2030,9,3,4,0.0
13659,SI_CCGT,2030,9,5,6,0.0
13660,SI_CCGT,2030,9,7,8,0.0
13661,SI_CCGT,2030,9,9,10,0.0
13662,SI_CCGT,2030,9,11,12,0.0
13663,SI_CCGT,2030,9,13,14,0.0
13664,SI_CCGT,2030,9,15,16,0.0
13665,SI_CCGT,2030,9,17,18,0.0
13666,SI_CCGT,2030,9,19,20,0.0
13667,SI_CCGT,2030,9,21,22,0.0
13668,SI_CCGT,2030,9,23,24,0.0
13669,SI_CCGT,2030,10,1,2,0.0
13670,SI_CCGT,2030,10,3,4,0.0
13671,SI_CCGT,2030,10,5,6,0.0
13672,SI_CCGT,2030,10,7,8,0.0
13673,SI_CCGT,2030,10,9,10,0.0
13674,SI_CCGT,2030,10,11,12,0.0
13675,SI_CCGT,2030,10,13,14,0.0
13676,SI_CCGT,2030,10,15,16,0.0
13677,SI_CCGT,2030,10,17,18,0.0
13678,SI_CCGT,2030,10,19,20,0.0
13679,SI_CCGT,2030,10,21,22,0.0
13680,SI_CCGT,2030,10,23,24,0.0
13681,SK_Nuclear,2030,1,1,2,0.0
13682,SK_Nuclear,2030,1,3,4,0.0
13683,SK_Nuclear,2030,1,5,6,0.0
13684,SK_Nuclear,2030,1,7,8,0.0
13685,SK_Nuclear,2030,1,9,10,0.0
13686,SK_Nuclear,2030,1,11,12,0.0
13687,SK_Nuclear,2030,1,13,14,0.0
13688,SK_Nuclear,2030,1,15,16,0.0
13689,SK_Nuclear,2030,1,17,18,0.0
13690,SK_Nuclear,2030,1,19,20,0.0
13691,SK_Nuclear,2030,1,21,22,0.0
13692,SK_Nuclear,2030,1,23,24,0.0
13693,SK_Nuclear,2030,2,1,2,0.0
13694,SK_Nuclear,2030,2,3,4,0.0
13695,SK_Nuclear,2030,2,5,6,0.0
13696,SK_Nuclear,2030,2,7,8,0.0
13697,SK_Nuclear,2030,2,9,10,0.0
13698,SK_Nuclear,2030,2,11,12,0.0
13699,SK_Nuclear,2030,2,13,14,0.0
13700,SK_Nuclear,2030,2,15,16,0.0
13701,SK_Nuclear,2030,2,17,18,0.0
13702,SK_Nuclear,2030,2,19,20,0.0
13703,SK_Nuclear,2030,2,21,22,0.0
13704,SK_Nuclear,2030,2,23,24,0.0
13705,SK_Nuclear,2030,3,1,2,0.0
13706,SK_Nuclear,2030,3,3,4,0.0
13707,SK_Nuclear,2030,3,5,6,0.0
13708,SK_Nuclear,2030,3,7,8,0.0
13709,SK_Nuclear,2030,3,9,10,0.0
13710,SK_Nuclear,2030,3,11,12,0.0
13711,SK_Nuclear,2030,3,13,14,0.0
13712,SK_Nuclear,2030,3,15,16,0.0
13713,SK_Nuclear,2030,3,17,18,0.0
13714,SK_Nuclear,2030,3,19,20,0.0
13715,SK_Nuclear,2030,3,21,22,0.0
13716,SK_Nuclear,2030,3,23,24,0.0
13717,SK_Nuclear,2030,4,1,2,0.0
13718,SK_Nuclear,2030,4,3,4,0.0
13719,SK_Nuclear,2030,4,5,6,0.0
13720,SK_Nuclear,2030,4,7,8,0.0
13721,SK_Nuclear,2030,4,9,10,0.0
13722,SK_Nuclear,2030,4,11,12,0.0
13723,SK_Nuclear,2030,4,13,14,0.0
13724,SK_Nuclear,2030,4,15,16,0.0
13725,SK_Nuclear,2030,4,17,18,0.0
13726,SK_Nuclear,2030,4,19,20,0.0
13727,SK_Nuclear,2030,4,21,22,0.0
13728,SK_Nuclear,2030,4,23,24,0.0
13729,SK_Nuclear,2030,5,1,2,0.0
13730,SK_Nuclear,2030,5,3,4,0.0
13731,SK_Nuclear,2030,5,5,6,0.0
13732,SK_Nuclear,2030,5,7,8,0.0
13733,SK_Nuclear,2030,5,9,10,0.0
13734,SK_Nuclear,2030,5,11,12,0.0
13735,SK_Nuclear,2030,5,13,14,0.0
13736,SK_Nuclear,2030,5,15,16,0.0
13737,SK_Nuclear,2030,5,17,18,0.0
13738,SK_Nuclear,2030,5,19,20,0.0
13739,SK_Nuclear,2030,5,21,22,0.0
13740,SK_Nuclear,2030,5,23,24,0.0
13741,SK_Nuclear,2030,6,1,2,0.0
13742,SK_Nuclear,2030,6,3,4,0.0
13743,SK_Nuclear,2030,6,5,6,0.0
13744,SK_Nuclear,2030,6,7,8,0.0
13745,SK_Nuclear,2030,6,9,10,0.0
13746,SK_Nuclear,2030,6,11,12,0.0
13747,SK_Nuclear,2030,6,13,14,0.0
13748,SK_Nuclear,2030,6,15,16,0.0
13749,SK_Nuclear,2030,6,17,18,0.0
13750,SK_Nuclear,2030,6,19,20,0.0
13751,SK_Nuclear,2030,6,21,22,0.0
13752,SK_Nuclear,2030,6,23,24,0.0
13753,SK_Nuclear,2030,7,1,2,0.0
13754,SK_Nuclear,2030,7,3,4,0.0
13755,SK_Nuclear,2030,7,5,6,0.0
13756,SK_Nuclear,2030,7,7,8,0.0
13757,SK_Nuclear,2030,7,9,10,0.0
13758,SK_Nuclear,2030,7,11,12,0.0
13759,SK_Nuclear,2030,7,13,14,0.0
13760,SK_Nuclear,2030,7,15,16,0.0
13761,SK_Nuclear,2030,7,17,18,0.0
13762,SK_Nuclear,2030,7,19,20,0.0
13763,SK_Nuclear,2030,7,21,22,0.0
13764,SK_Nuclear,2030,7,23,24,0.0
13765,SK_Nuclear,2030,8,1,2,0.0
13766,SK_Nuclear,2030,8,3,4,0.0
13767,SK_Nuclear,2030,8,5,6,0.0
13768,SK_Nuclear,2030,8,7,8,0.0
13769,SK_Nuclear,2030,8,9,10,0.0
13770,SK_Nuclear,2030,8,11,12,0.0
13771,SK_Nuclear,2030,8,13,14,0.0
13772,SK_Nuclear,2030,8,15,16,0.0
13773,SK_Nuclear,2030,8,17,18,0.0
13774,SK_Nuclear,2030,8,19,20,0.0
13775,SK_Nuclear,2030,8,21,22,0.0
13776,SK_Nuclear,2030,8,23,24,0.0
13777,SK_Nuclear,2030,9,1,2,0.0
13778,SK_Nuclear,2030,9,3,4,0.0
13779,SK_Nuclear,2030,9,5,6,0.0
13780,SK_Nuclear,2030,9,7,8,0.0
13781,SK_Nuclear,2030,9,9,10,0.0
13782,SK_Nuclear,2030,9,11,12,0.0
13783,SK_Nuclear,2030,9,13,14,0.0
13784,SK_Nuclear,2030,9,15,16,0.0
13785,SK_Nuclear,2030,9,17,18,0.0
13786,SK_Nuclear,2030,9,19,20,0.0
13787,SK_Nuclear,2030,9,21,22,0.0
13788,SK_Nuclear,2030,9,23,24,0.0
13789,SK_Nuclear,2030,10,1,2,0.0
13790,SK_Nuclear,2030,10,3,4,0.0
13791,SK_Nuclear,2030,10,5,6,0.0
13792,SK_Nuclear,2030,10,7,8,0.0
13793,SK_Nuclear,2030,10,9,10,0.0
13794,SK_Nuclear,2030,10,11,12,0.0
13795,SK_Nuclear,2030,10,13,14,0.0
13796,SK_Nuclear,2030,10,15,16,0.0
13797,SK_Nuclear,2030,10,17,18,0.0
13798,SK_Nuclear,2030,10,19,20,0.0
13799,SK_Nuclear,2030,10,21,22,0.0
13800,SK_Nuclear,2030,10,23,24,0.0
13801,SK_OCGT,2030,1,1,2,0.0
13802,SK_OCGT,2030,1,3,4,0.0
13803,SK_OCGT,2030,1,5,6,0.0
13804,SK_OCGT,2030,1,7,8,0.0
13805,SK_OCGT,2030,1,9,10,0.0
13806,SK_OCGT,2030,1,11,12,0.0
13807,SK_OCGT,2030,1,13,14,0.0
13808,SK_OCGT,2030,1,15,16,0.0
13809,SK_OCGT,2030,1,17,18,0.0
13810,SK_OCGT,2030,1,19,20,0.0
13811,SK_OCGT,2030,1,21,22,0.0
13812,SK_OCGT,2030,1,23,24,0.0
13813,SK_OCGT,2030,2,1,2,0.0
13814,SK_OCGT,2030,2,3,4,0.0
13815,SK_OCGT,2030,2,5,6,0.0
13816,SK_OCGT,2030,2,7,8,0.0
13817,SK_OCGT,2030,2,9,10,0.0
13818,SK_OCGT,2030,2,11,12,0.0
13819,SK_OCGT,2030,2,13,14,0.0
13820,SK_OCGT,2030,2,15,16,0.0
13821,SK_OCGT,2030,2,17,18,0.0
13822,SK_OCGT,2030,2,19,20,0.0
13823,SK_OCGT,2030,2,21,22,0.0
13824,SK_OCGT,2030,2,23,24,0.0
13825,SK_OCGT,2030,3,1,2,0.0
13826,SK_OCGT,2030,3,3,4,0.0
13827,SK_OCGT,2030,3,5,6,0.0
13828,SK_OCGT,2030,3,7,8,0.0
13829,SK_OCGT,2030,3,9,10,0.0
13830,SK_OCGT,2030,3,11,12,0.0
13831,SK_OCGT,2030,3,13,14,0.0
13832,SK_OCGT,2030,3,15,16,0.0
13833,SK_OCGT,2030,3,17,18,0.0
13834,SK_OCGT,2030,3,19,20,0.0
13835,SK_OCGT,2030,3,21,22,0.0
13836,SK_OCGT,2030,3,23,24,0.0
13837,SK_OCGT,2030,4,1,2,0.0
13838,SK_OCGT,2030,4,3,4,0.0
13839,SK_OCGT,2030,4,5,6,0.0
13840,SK_OCGT,2030,4,7,8,0.0
13841,SK_OCGT,2030,4,9,10,0.0
13842,SK_OCGT,2030,4,11,12,0.0
13843,SK_OCGT,2030,4,13,14,0.0
13844,SK_OCGT,2030,4,15,16,0.0
13845,SK_OCGT,2030,4,17,18,0.0
13846,SK_OCGT,2030,4,19,20,0.0
13847,SK_OCGT,2030,4,21,22,0.0
13848,SK_OCGT,2030,4,23,24,0.0
13849,SK_OCGT,2030,5,1,2,0.0
13850,SK_OCGT,2030,5,3,4,0.0
13851,SK_OCGT,2030,5,5,6,0.0
13852,SK_OCGT,2030,5,7,8,0.0
13853,SK_OCGT,2030,5,9,10,0.0
13854,SK_OCGT,2030,5,11,12,0.0
13855,SK_OCGT,2030,5,13,14,0.0
13856,SK_OCGT,2030,5,15,16,0.0
13857,SK_OCGT,2030,5,17,18,0.0
13858,SK_OCGT,2030,5,19,20,0.0
13859,SK_OCGT,2030,5,21,22,0.0
13860,SK_OCGT,2030,5,23,24,0.0
13861,SK_OCGT,2030,6,1,2,0.0
13862,SK_OCGT,2030,6,3,4,0.0
13863,SK_OCGT,2030,6,5,6,0.0
13864,SK_OCGT,2030,6,7,8,0.0
13865,SK_OCGT,2030,6,9,10,0.0
13866,SK_OCGT,2030,6,11,12,0.0
13867,SK_OCGT,2030,6,13,14,0.0
13868,SK_OCGT,2030,6,15,16,0.0
13869,SK_OCGT,2030,6,17,18,0.0
13870,SK_OCGT,2030,6,19,20,0.0
13871,SK_OCGT,2030,6,21,22,0.0
13872,SK_OCGT,2030,6,23,24,0.0
13873,SK_OCGT,2030,7,1,2,0.0
13874,SK_OCGT,2030,7,3,4,0.0
13875,SK_OCGT,2030,7,5,6,0.0
13876,SK_OCGT,2030,7,7,8,0.0
13877,SK_OCGT,2030,7,9,10,0.0
13878,SK_OCGT,2030,7,11,12,0.0
13879,SK_OCGT,2030,7,13,14,0.0
13880,SK_OCGT,2030,7,15,16,0.0
13881,SK_OCGT,2030,7,17,18,0.0
13882,SK_OCGT,2030,7,19,20,0.0
13883,SK_OCGT,2030,7,21,22,0.0
13884,SK_OCGT,2030,7,23,24,0.0
13885,SK_OCGT,2030,8,1,2,0.0
13886,SK_OCGT,2030,8,3,4,0.0
13887,SK_OCGT,2030,8,5,6,0.0
13888,SK_OCGT,2030,8,7,8,0.0
13889,SK_OCGT,2030,8,9,10,0.0
13890,SK_OCGT,2030,8,11,12,0.0
13891,SK_OCGT,2030,8,13,14,0.0
13892,SK_OCGT,2030,8,15,16,0.0
13893,SK_OCGT,2030,8,17,18,0.0
13894,SK_OCGT,2030,8,19,20,0.0
13895,SK_OCGT,2030,8,21,22,0.0
13896,SK_OCGT,2030,8,23,24,0.0
13897,SK_OCGT,2030,9,1,2,0.0
13898,SK_OCGT,2030,9,3,4,0.0
13899,SK_OCGT,2030,9,5,6,0.0
13900,SK_OCGT,2030,9,7,8,0.0
13901,SK_OCGT,2030,9,9,10,0.0
13902,SK_OCGT,2030,9,11,12,0.0
13903,SK_OCGT,2030,9,13,14,0.0
13904,SK_OCGT,2030,9,15,16,0.0
13905,SK_OCGT,2030,9,17,18,0.0
13906,SK_OCGT,2030,9,19,20,0.0
13907,SK_OCGT,2030,9,21,22,0.0
13908,SK_OCGT,2030,9,23,24,0.0
13909,SK_OCGT,2030,10,1,2,0.0
13910,SK_OCGT,2030,10,3,4,0.0
13911,SK_OCGT,2030,10,5,6,0.0
13912,SK_OCGT,2030,10,7,8,0.0
13913,SK_OCGT,2030,10,9,10,0.0
13914,SK_OCGT,2030,10,11,12,0.0
13915,SK_OCGT,2030,10,13,14,0.0
13916,SK_OCGT,2030,10,15,16,0.0
13917,SK_OCGT,2030,10,17,18,0.0
13918,SK_OCGT,2030,10,19,20,0.0
13919,SK_OCGT,2030,10,21,22,0.0
13920,SK_OCGT,2030,10,23,24,0.0
13921,UK_CCGT,2030,1,1,2,0.0
13922,UK_CCGT,2030,1,3,4,0.0
13923,UK_CCGT,2030,1,5,6,0.0
13924,UK_CCGT,2030,1,7,8,-1.9079999999999995
13925,UK_CCGT,2030,1,9,10,0.0
13926,UK_CCGT,2030,1,11,12,0.0
13927,UK_CCGT,2030,1,13,14,0.0
13928,UK_CCGT,2030,1,15,16,0.0
13929,UK_CCGT,2030,1,17,18,0.0
13930,UK_CCGT,2030,1,19,20,0.0
13931,UK_CCGT,2030,1,21,22,0.0
13932,UK_CCGT,2030,1,23,24,0.0
13933,UK_CCGT,2030,2,1,2,0.0
13934,UK_CCGT,2030,2,3,4,0.0
13935,UK_CCGT,2030,2,5,6,0.0
13936,UK_CCGT,2030,2,7,8,0.0
13937,UK_CCGT,2030,2,9,10,0.0
13938,UK_CCGT,2030,2,11,12,0.0
13939,UK_CCGT,2030,2,13,14,0.0
13940,UK_CCGT,2030,2,15,16,0.0
13941,UK_CCGT,2030,2,17,18,0.0
13942,UK_CCGT,2030,2,19,20,0.0
13943,UK_CCGT,2030,2,21,22,0.0
13944,UK_CCGT,2030,2,23,24,0.0
13945,UK_CCGT,2030,3,1,2,0.0
13946,UK_CCGT,2030,3,3,4,0.0
13947,UK_CCGT,2030,3,5,6,0.0
13948,UK_CCGT,2030,3,7,8,0.0
13949,UK_CCGT,2030,3,9,10,0.0
13950,UK_CCGT,2030,3,11,12,0.0
13951,UK_CCGT,2030,3,13,14,0.0
13952,UK_CCGT,2030,3,15,16,0.0
13953,UK_CCGT,2030,3,17,18,0.0
13954,UK_CCGT,2030,3,19,20,0.0
13955,UK_CCGT,2030,3,21,22,0.0
13956,UK_CCGT,2030,3,23,24,0.0
13957,UK_CCGT,2030,4,1,2,0.0
13958,UK_CCGT,2030,4,3,4,0.0
13959,UK_CCGT,2030,4,5,6,0.0
13960,UK_CCGT,2030,4,7,8,0.0
13961,UK_CCGT,2030,4,9,10,0.0
13962,UK_CCGT,2030,4,11,12,0.0
13963,UK_CCGT,2030,4,13,14,0.0
13964,UK_CCGT,2030,4,15,16,0.0
13965,UK_CCGT,2030,4,17,18,0.0
13966,UK_CCGT,2030,4,19,20,0.0
13967,UK_CCGT,2030,4,21,22,0.0
13968,UK_CCGT,2030,4,23,24,0.0
13969,UK_CCGT,2030,5,1,2,0.0
13970,UK_CCGT,2030,5,3,4,0.0
13971,UK_CCGT,2030,5,5,6,0.0
13972,UK_CCGT,2030,5,7,8,0.0
13973,UK_CCGT,2030,5,9,10,0.0
13974,UK_CCGT,2030,5,11,12,0.0
13975,UK_CCGT,2030,5,13,14,0.0
13976,UK_CCGT,2030,5,15,16,0.0
13977,UK_CCGT,2030,5,17,18,0.0
13978,UK_CCGT,2030,5,19,20,0.0
13979,UK_CCGT,2030,5,21,22,0.0
13980,UK_CCGT,2030,5,23,24,0.0
13981,UK_CCGT,2030,6,1,2,0.0
13982,UK_CCGT,2030,6,3,4,0.0
13983,UK_CCGT,2030,6,5,6,0.0
13984,UK_CCGT,2030,6,7,8,0.0
13985,UK_CCGT,2030,6,9,10,0.0
13986,UK_CCGT,2030,6,11,12,0.0
13987,UK_CCGT,2030,6,13,14,0.0
13988,UK_CCGT,2030,6,15,16,0.0
13989,UK_CCGT,2030,6,17,18,0.0
13990,UK_CCGT,2030,6,19,20,0.0
13991,UK_CCGT,2030,6,21,22,0.0
13992,UK_CCGT,2030,6,23,24,0.0
13993,UK_CCGT,2030,7,1,2,0.0
13994,UK_CCGT,2030,7,3,4,0.0
13995,UK_CCGT,2030,7,5,6,0.0
13996,UK_CCGT,2030,7,7,8,0.0
13997,UK_CCGT,2030,7,9,10,0.0
13998,UK_CCGT,2030,7,11,12,0.0
13999,UK_CCGT,2030,7,13,14,0.0
14000,UK_CCGT,2030,7,15,16,0.0
14001,UK_CCGT,2030,7,17,18,0.0
14002,UK_CCGT,2030,7,19,20,0.0
14003,UK_CCGT,2030,7,21,22,-1.3319999999999994
14004,UK_CCGT,2030,7,23,24,0.0
14005,UK_CCGT,2030,8,1,2,0.0
14006,UK_CCGT,2030,8,3,4,0.0
14007,UK_CCGT,2030,8,5,6,0.0
14008,UK_CCGT,2030,8,7,8,0.0
14009,UK_CCGT,2030,8,9,10,0.0
14010,UK_CCGT,2030,8,11,12,0.0
14011,UK_CCGT,2030,8,13,14,0.0
14012,UK_CCGT,2030,8,15,16,0.0
14013,UK_CCGT,2030,8,17,18,0.0
14014,UK_CCGT,2030,8,19,20,0.0
14015,UK_CCGT,2030,8,21,22,0.0
14016,UK_CCGT,2030,8,23,24,0.0
14017,UK_CCGT,2030,9,1,2,0.0
14018,UK_CCGT,2030,9,3,4,0.0
14019,UK_CCGT,2030,9,5,6,0.0
14020,UK_CCGT,2030,9,7,8,0.0
14021,UK_CCGT,2030,9,9,10,0.0
14022,UK_CCGT,2030,9,11,12,0.0
14023,UK_CCGT,2030,9,13,14,0.0
14024,UK_CCGT,2030,9,15,16,0.0
14025,UK_CCGT,2030,9,17,18,0.0
14026,UK_CCGT,2030,9,19,20,0.0
14027,UK_CCGT,2030,9,21,22,0.0
14028,UK_CCGT,2030,9,23,24,0.0
14029,UK_CCGT,2030,10,1,2,0.0
14030,UK_CCGT,2030,10,3,4,0.0
14031,UK_CCGT,2030,10,5,6,0.0
14032,UK_CCGT,2030,10,7,8,0.0
14033,UK_CCGT,2030,10,9,10,0.0
14034,UK_CCGT,2030,10,11,12,0.0
14035,UK_CCGT,2030,10,13,14,0.0
14036,UK_CCGT,2030,10,15,16,0.0
14037,UK_CCGT,2030,10,17,18,0.0
14038,UK_CCGT,2030,10,19,20,0.0
14039,UK_CCGT,2030,10,21,22,0.0
14040,UK_CCGT,2030,10,23,24,0.0
14041,UK_Coal,2030,1,1,2,0.0
14042,UK_Coal,2030,1,3,4,0.0
14043,UK_Coal,2030,1,5,6,0.0
14044,UK_Coal,2030,1,7,8,0.0
14045,UK_Coal,2030,1,9,10,0.0
14046,UK_Coal,2030,1,11,12,0.0
14047,UK_Coal,2030,1,13,14,0.0
14048,UK_Coal,2030,1,15,16,0.0
14049,UK_Coal,2030,1,17,18,0.0
14050,UK_Coal,2030,1,19,20,0.0
14051,UK_Coal,2030,1,21,22,0.0
14052,UK_Coal,2030,1,23,24,0.0
14053,UK_Coal,2030,2,1,2,0.0
14054,UK_Coal,2030,2,3,4,0.0
14055,UK_Coal,2030,2,5,6,0.0
14056,UK_Coal,2030,2,7,8,0.0
14057,UK_Coal,2030,2,9,10,0.0
14058,UK_Coal,2030,2,11,12,0.0
14059,UK_Coal,2030,2,13,14,0.0
14060,UK_Coal,2030,2,15,16,0.0
14061,UK_Coal,2030,2,17,18,0.0
14062,UK_Coal,2030,2,19,20,0.0
14063,UK_Coal,2030,2,21,22,0.0
14064,UK_Coal,2030,2,23,24,0.0
14065,UK_Coal,2030,3,1,2,0.0
14066,UK_Coal,2030,3,3,4,0.0
14067,UK_Coal,2030,3,5,6,0.0
14068,UK_Coal,2030,3,7,8,0.0
14069,UK_Coal,2030,3,9,10,0.0
14070,UK_Coal,2030,3,11,12,0.0
14071,UK_Coal,2030,3,13,14,0.0
14072,UK_Coal,2030,3,15,16,0.0
14073,UK_Coal,2030,3,17,18,0.0
14074,UK_Coal,2030,3,19,20,0.0
14075,UK_Coal,2030,3,21,22,0.0
14076,UK_Coal,2030,3,23,24,0.0
14077,UK_Coal,2030,4,1,2,0.0
14078,UK_Coal,2030,4,3,4,0.0
14079,UK_Coal,2030,4,5,6,0.0
14080,UK_Coal,2030,4,7,8,0.0
14081,UK_Coal,2030,4,9,10,0.0
14082,UK_Coal,2030,4,11,12,0.0
14083,UK_Coal,2030,4,13,14,0.0
14084,UK_Coal,2030,4,15,16,0.0
14085,UK_Coal,2030,4,17,18,0.0
14086,UK_Coal,2030,4,19,20,0.0
14087,UK_Coal,2030,4,21,22,0.0
14088,UK_Coal,2030,4,23,24,0.0
14089,UK_Coal,2030,5,1,2,0.0
14090,UK_Coal,2030,5,3,4,0.0
14091,UK_Coal,2030,5,5,6,0.0
14092,UK_Coal,2030,5,7,8,0.0
14093,UK_Coal,2030,5,9,10,0.0
14094,UK_Coal,2030,5,11,12,0.0
14095,UK_Coal,2030,5,13,14,0.0
14096,UK_Coal,2030,5,15,16,0.0
14097,UK_Coal,2030,5,17,18,0.0
14098,UK_Coal,2030,5,19,20,0.0
14099,UK_Coal,2030,5,21,22,0.0
14100,UK_Coal,2030,5,23,24,0.0
14101,UK_Coal,2030,6,1,2,0.0
14102,UK_Coal,2030,6,3,4,0.0
14103,UK_Coal,2030,6,5,6,0.0
14104,UK_Coal,2030,6,7,8,0.0
14105,UK_Coal,2030,6,9,10,0.0
14106,UK_Coal,2030,6,11,12,0.0
14107,UK_Coal,2030,6,13,14,0.0
14108,UK_Coal,2030,6,15,16,0.0
14109,UK_Coal,2030,6,17,18,0.0
14110,UK_Coal,2030,6,19,20,0.0
14111,UK_Coal,2030,6,21,22,0.0
14112,UK_Coal,2030,6,23,24,0.0
14113,UK_Coal,2030,7,1,2,0.0
14114,UK_Coal,2030,7,3,4,0.0
14115,UK_Coal,2030,7,5,6,0.0
14116,UK_Coal,2030,7,7,8,0.0
14117,UK_Coal,2030,7,9,10,0.0
14118,UK_Coal,2030,7,11,12,0.0
14119,UK_Coal,2030,7,13,14,0.0
14120,UK_Coal,2030,7,15,16,0.0
14121,UK_Coal,2030,7,17,18,0.0
14122,UK_Coal,2030,7,19,20,0.0
14123,UK_Coal,2030,7,21,22,0.0
14124,UK_Coal,2030,7,23,24,0.0
14125,UK_Coal,2030,8,1,2,0.0
14126,UK_Coal,2030,8,3,4,0.0
14127,UK_Coal,2030,8,5,6,0.0
14128,UK_Coal,2030,8,7,8,0.0
14129,UK_Coal,2030,8,9,10,0.0
14130,UK_Coal,2030,8,11,12,0.0
14131,UK_Coal,2030,8,13,14,0.0
14132,UK_Coal,2030,8,15,16,0.0
14133,UK_Coal,2030,8,17,18,0.0
14134,UK_Coal,2030,8,19,20,0.0
14135,UK_Coal,2030,8,21,22,0.0
14136,UK_Coal,2030,8,23,24,0.0
14137,UK_Coal,2030,9,1,2,0.0
14138,UK_Coal,2030,9,3,4,0.0
14139,UK_Coal,2030,9,5,6,0.0
14140,UK_Coal,2030,9,7,8,0.0
14141,UK_Coal,2030,9,9,10,0.0
14142,UK_Coal,2030,9,11,12,0.0
14143,UK_Coal,2030,9,13,14,0.0
14144,UK_Coal,2030,9,15,16,0.0
14145,UK_Coal,2030,9,17,18,0.0
14146,UK_Coal,2030,9,19,20,0.0
14147,UK_Coal,2030,9,21,22,0.0
14148,UK_Coal,2030,9,23,24,0.0
14149,UK_Coal,2030,10,1,2,0.0
14150,UK_Coal,2030,10,3,4,0.0
14151,UK_Coal,2030,10,5,6,0.0
14152,UK_Coal,2030,10,7,8,0.0
14153,UK_Coal,2030,10,9,10,0.0
14154,UK_Coal,2030,10,11,12,0.0
14155,UK_Coal,2030,10,13,14,0.0
14156,UK_Coal,2030,10,15,16,0.0
14157,UK_Coal,2030,10,17,18,0.0
14158,UK_Coal,2030,10,19,20,0.0
14159,UK_Coal,2030,10,21,22,0.0
14160,UK_Coal,2030,10,23,24,0.0
14161,UK_Nuclear,2030,1,1,2,0.0
14162,UK_Nuclear,2030,1,3,4,0.0
14163,UK_Nuclear,2030,1,5,6,0.0
14164,UK_Nuclear,2030,1,7,8,0.0
14165,UK_Nuclear,2030,1,9,10,0.0
14166,UK_Nuclear,2030,1,11,12,0.0
14167,UK_Nuclear,2030,1,13,14,0.0
14168,UK_Nuclear,2030,1,15,16,0.0
14169,UK_Nuclear,2030,1,17,18,0.0
14170,UK_Nuclear,2030,1,19,20,0.0
14171,UK_Nuclear,2030,1,21,22,0.0
14172,UK_Nuclear,2030,1,23,24,0.0
14173,UK_Nuclear,2030,2,1,2,0.0
14174,UK_Nuclear,2030,2,3,4,0.0
14175,UK_Nuclear,2030,2,5,6,0.0
14176,UK_Nuclear,2030,2,7,8,0.0
14177,UK_Nuclear,2030,2,9,10,0.0
14178,UK_Nuclear,2030,2,11,12,0.0
14179,UK_Nuclear,2030,2,13,14,0.0
14180,UK_Nuclear,2030,2,15,16,0.0
14181,UK_Nuclear,2030,2,17,18,0.0
14182,UK_Nuclear,2030,2,19,20,0.0
14183,UK_Nuclear,2030,2,21,22,0.0
14184,UK_Nuclear,2030,2,23,24,0.0
14185,UK_Nuclear,2030,3,1,2,0.0
14186,UK_Nuclear,2030,3,3,4,0.0
14187,UK_Nuclear,2030,3,5,6,0.0
14188,UK_Nuclear,2030,3,7,8,0.0
14189,UK_Nuclear,2030,3,9,10,0.0
14190,UK_Nuclear,2030,3,11,12,0.0
14191,UK_Nuclear,2030,3,13,14,0.0
14192,UK_Nuclear,2030,3,15,16,0.0
14193,UK_Nuclear,2030,3,17,18,0.0
14194,UK_Nuclear,2030,3,19,20,0.0
14195,UK_Nuclear,2030,3,21,22,0.0
14196,UK_Nuclear,2030,3,23,24,0.0
14197,UK_Nuclear,2030,4,1,2,0.0
14198,UK_Nuclear,2030,4,3,4,0.0
14199,UK_Nuclear,2030,4,5,6,0.0
14200,UK_Nuclear,2030,4,7,8,0.0
14201,UK_Nuclear,2030,4,9,10,0.0
14202,UK_Nuclear,2030,4,11,12,0.0
14203,UK_Nuclear,2030,4,13,14,0.0
14204,UK_Nuclear,2030,4,15,16,0.0
14205,UK_Nuclear,2030,4,17,18,0.0
14206,UK_Nuclear,2030,4,19,20,0.0
14207,UK_Nuclear,2030,4,21,22,0.0
14208,UK_Nuclear,2030,4,23,24,0.0
14209,UK_Nuclear,2030,5,1,2,0.0
14210,UK_Nuclear,2030,5,3,4,0.0
14211,UK_Nuclear,2030,5,5,6,0.0
14212,UK_Nuclear,2030,5,7,8,0.0
14213,UK_Nuclear,2030,5,9,10,0.0
14214,UK_Nuclear,2030,5,11,12,0.0
14215,UK_Nuclear,2030,5,13,14,0.0
14216,UK_Nuclear,2030,5,15,16,0.0
14217,UK_Nuclear,2030,5,17,18,0.0
14218,UK_Nuclear,2030,5,19,20,0.0
14219,UK_Nuclear,2030,5,21,22,0.0
14220,UK_Nuclear,2030,5,23,24,0.0
14221,UK_Nuclear,2030,6,1,2,0.0
14222,UK_Nuclear,2030,6,3,4,0.0
14223,UK_Nuclear,2030,6,5,6,0.0
14224,UK_Nuclear,2030,6,7,8,0.0
14225,UK_Nuclear,2030,6,9,10,0.0
14226,UK_Nuclear,2030,6,11,12,0.0
14227,UK_Nuclear,2030,6,13,14,0.0
14228,UK_Nuclear,2030,6,15,16,0.0
14229,UK_Nuclear,2030,6,17,18,0.0
14230,UK_Nuclear,2030,6,19,20,0.0
14231,UK_Nuclear,2030,6,21,22,0.0
14232,UK_Nuclear,2030,6,23,24,0.0
14233,UK_Nuclear,2030,7,1,2,0.0
14234,UK_Nuclear,2030,7,3,4,0.0
14235,UK_Nuclear,2030,7,5,6,0.0
14236,UK_Nuclear,2030,7,7,8,0.0
14237,UK_Nuclear,2030,7,9,10,0.0
14238,UK_Nuclear,2030,7,11,12,0.0
14239,UK_Nuclear,2030,7,13,14,0.0
14240,UK_Nuclear,2030,7,15,16,0.0
14241,UK_Nuclear,2030,7,17,18,0.0
14242,UK_Nuclear,2030,7,19,20,0.0
14243,UK_Nuclear,2030,7,21,22,0.0
14244,UK_Nuclear,2030,7,23,24,0.0
14245,UK_Nuclear,2030,8,1,2,0.0
14246,UK_Nuclear,2030,8,3,4,0.0
14247,UK_Nuclear,2030,8,5,6,0.0
14248,UK_Nuclear,2030,8,7,8,0.0
14249,UK_Nuclear,2030,8,9,10,0.0
14250,UK_Nuclear,2030,8,11,12,0.0
14251,UK_Nuclear,2030,8,13,14,0.0
14252,UK_Nuclear,2030,8,15,16,0.0
14253,UK_Nuclear,2030,8,17,18,0.0
14254,UK_Nuclear,2030,8,19,20,0.0
14255,UK_Nuclear,2030,8,21,22,0.0
14256,UK_Nuclear,2030,8,23,24,0.0
14257,UK_Nuclear,2030,9,1,2,0.0
14258,UK_Nuclear,2030,9,3,4,0.0
14259,UK_Nuclear,2030,9,5,6,0.0
14260,UK_Nuclear,2030,9,7,8,0.0
14261,UK_Nuclear,2030,9,9,10,0.0
14262,UK_Nuclear,2030,9,11,12,0.0
14263,UK_Nuclear,2030,9,13,14,0.0
14264,UK_Nuclear,2030,9,15,16,0.0
14265,UK_Nuclear,2030,9,17,18,0.0
14266,UK_Nuclear,2030,9,19,20,0.0
14267,UK_Nuclear,2030,9,21,22,0.0
14268,UK_Nuclear,2030,9,23,24,0.0
14269,UK_Nuclear,2030,10,1,2,0.0
14270,UK_Nuclear,2030,10,3,4,0.0
14271,UK_Nuclear,2030,10,5,6,0.0
14272,UK_Nuclear,2030,10,7,8,0.0
14273,UK_Nuclear,2030,10,9,10,0.0
14274,UK_Nuclear,2030,10,11,12,0.0
14275,UK_Nuclear,2030,10,13,14,0.0
14276,UK_Nuclear,2030,10,15,16,0.0
14277,UK_Nuclear,2030,10,17,18,0.0
14278,UK_Nuclear,2030,10,19,20,0.0
14279,UK_Nuclear,2030,10,21,22,0.0
14280,UK_Nuclear,2030,10,23,24,0.0
14281,UK_OCGT,2030,1,1,2,0.0
14282,UK_OCGT,2030,1,3,4,0.0
14283,UK_OCGT,2030,1,5,6,0.0
14284,UK_OCGT,2030,1,7,8,0.0
14285,UK_OCGT,2030,1,9,10,0.0
14286,UK_OCGT,2030,1,11,12,0.0
14287,UK_OCGT,2030,1,13,14,0.0
14288,UK_OCGT,2030,1,15,16,0.0
14289,UK_OCGT,2030,1,17,18,0.0
14290,UK_OCGT,2030,1,19,20,0.0
14291,UK_OCGT,2030,1,21,22,0.0
14292,UK_OCGT,2030,1,23,24,0.0
14293,UK_OCGT,2030,2,1,2,0.0
14294,UK_OCGT,2030,2,3,4,0.0
14295,UK_OCGT,2030,2,5,6,0.0
14296,UK_OCGT,2030,2,7,8,0.0
14297,UK_OCGT,2030,2,9,10,0.0
14298,UK_OCGT,2030,2,11,12,0.0
14299,UK_OCGT,2030,2,13,14,0.0
14300,UK_OCGT,2030,2,15,16,0.0
14301,UK_OCGT,2030,2,17,18,0.0
14302,UK_OCGT,2030,2,19,20,0.0
14303,UK_OCGT,2030,2,21,22,0.0
14304,UK_OCGT,2030,2,23,24,0.0
14305,UK_OCGT,2030,3,1,2,0.0
14306,UK_OCGT,2030,3,3,4,0.0
14307,UK_OCGT,2030,3,5,6,0.0
14308,UK_OCGT,2030,3,7,8,0.0
14309,UK_OCGT,2030,3,9,10,0.0
14310,UK_OCGT,2030,3,11,12,0.0
14311,UK_OCGT,2030,3,13,14,0.0
14312,UK_OCGT,2030,3,15,16,0.0
14313,UK_OCGT,2030,3,17,18,0.0
14314,UK_OCGT,2030,3,19,20,0.0
14315,UK_OCGT,2030,3,21,22,0.0
14316,UK_OCGT,2030,3,23,24,0.0
14317,UK_OCGT,2030,4,1,2,0.0
14318,UK_OCGT,2030,4,3,4,0.0
14319,UK_OCGT,2030,4,5,6,0.0
14320,UK_OCGT,2030,4,7,8,0.0
14321,UK_OCGT,2030,4,9,10,0.0
14322,UK_OCGT,2030,4,11,12,0.0
14323,UK_OCGT,2030,4,13,14,0.0
14324,UK_OCGT,2030,4,15,16,0.0
14325,UK_OCGT,2030,4,17,18,0.0
14326,UK_OCGT,2030,4,19,20,0.0
14327,UK_OCGT,2030,4,21,22,0.0
14328,UK_OCGT,2030,4,23,24,0.0
14329,UK_OCGT,2030,5,1,2,0.0
14330,UK_OCGT,2030,5,3,4,0.0
14331,UK_OCGT,2030,5,5,6,0.0
14332,UK_OCGT,2030,5,7,8,0.0
14333,UK_OCGT,2030,5,9,10,0.0
14334,UK_OCGT,2030,5,11,12,0.0
14335,UK_OCGT,2030,5,13,14,0.0
14336,UK_OCGT,2030,5,15,16,0.0
14337,UK_OCGT,2030,5,17,18,0.0
14338,UK_OCGT,2030,5,19,20,0.0
14339,UK_OCGT,2030,5,21,22,0.0
14340,UK_OCGT,2030,5,23,24,0.0
14341,UK_OCGT,2030,6,1,2,0.0
14342,UK_OCGT,2030,6,3,4,0.0
14343,UK_OCGT,2030,6,5,6,0.0
14344,UK_OCGT,2030,6,7,8,0.0
14345,UK_OCGT,2030,6,9,10,0.0
14346,UK_OCGT,2030,6,11,12,0.0
14347,UK_OCGT,2030,6,13,14,0.0
14348,UK_OCGT,2030,6,15,16,0.0
14349,UK_OCGT,2030,6,17,18,0.0
14350,UK_OCGT,2030,6,19,20,0.0
14351,UK_OCGT,2030,6,21,22,0.0
14352,UK_OCGT,2030,6,23,24,0.0
14353,UK_OCGT,2030,7,1,2,0.0
14354,UK_OCGT,2030,7,3,4,0.0
14355,UK_OCGT,2030,7,5,6,0.0
14356,UK_OCGT,2030,7,7,8,0.0
14357,UK_OCGT,2030,7,9,10,0.0
14358,UK_OCGT,2030,7,11,12,0.0
14359,UK_OCGT,2030,7,13,14,0.0
14360,UK_OCGT,2030,7,15,16,0.0
14361,UK_OCGT,2030,7,17,18,0.0
14362,UK_OCGT,2030,7,19,20,0.0
14363,UK_OCGT,2030,7,21,22,0.0
14364,UK_OCGT,2030,7,23,24,0.0
14365,UK_OCGT,2030,8,1,2,0.0
14366,UK_OCGT,2030,8,3,4,0.0
14367,UK_OCGT,2030,8,5,6,0.0
14368,UK_OCGT,2030,8,7,8,0.0
14369,UK_OCGT,2030,8,9,10,0.0
14370,UK_OCGT,2030,8,11,12,0.0
14371,UK_OCGT,2030,8,13,14,0.0
14372,UK_OCGT,2030,8,15,16,0.0
14373,UK_OCGT,2030,8,17,18,0.0
14374,UK_OCGT,2030,8,19,20,0.0
14375,UK_OCGT,2030,8,21,22,0.0
14376,UK_OCGT,2030,8,23,24,0.0
14377,UK_OCGT,2030,9,1,2,0.0
14378,UK_OCGT,2030,9,3,4,0.0
14379,UK_OCGT,2030,9,5,6,0.0
14380,UK_OCGT,2030,9,7,8,0.0
14381,UK_OCGT,2030,9,9,10,0.0
14382,UK_OCGT,2030,9,11,12,0.0
14383,UK_OCGT,2030,9,13,14,0.0
14384,UK_OCGT,2030,9,15,16,0.0
14385,UK_OCGT,2030,9,17,18,0.0
14386,UK_OCGT,2030,9,19,20,0.0
14387,UK_OCGT,2030,9,21,22,0.0
14388,UK_OCGT,2030,9,23,24,0.0
14389,UK_OCGT,2030,10,1,2,0.0
14390,UK_OCGT,2030,10,3,4,0.0
14391,UK_OCGT,2030,10,5,6,0.0
14392,UK_OCGT,2030,10,7,8,0.0
14393,UK_OCGT,2030,10,9,10,0.0
14394,UK_OCGT,2030,10,11,12,0.0
14395,UK_OCGT,2030,10,13,14,0.0
14396,UK_OCGT,2030,10,15,16,0.0
14397,UK_OCGT,2030,10,17,18,0.0
14398,UK_OCGT,2030,10,19,20,0.0
14399,UK_OCGT,2030,10,21,22,0.0
14400,UK_OCGT,2030,10,23,24,0.0
